counter is 1	counter is 1
328	10 1 -1.5 -1.5 -1 1 0.141083009308 0.103611353709
counter is 2	counter is 2
1022	10 1 -1.5 -1.5 1 -1 -1.29025402149 -0.469395087797
counter is 3	counter is 3
790	10 1 -1.5 -1.5 1 1 -2.23820428539 -0.552835087797
counter is 4	counter is 4
280	10 1 -1.5 -1 -1 -1 -0.778058389972 -0.281178379462
counter is 5	counter is 5
491	10 1 -1.5 -1 -1 1 0.115232207309 0.093711620538
counter is 6	counter is 6
838	10 1 -1.5 -1 1 -1 -1.45168802443 -0.520635087797
counter is 7	counter is 7
627	10 1 -1.5 -1 1 1 -2.28453412259 -0.552965087797
counter is 8	counter is 8
592	10 1 -1.5 0 -1 -1 -0.884662258374 -0.288597880966
counter is 9	counter is 9
700	10 1 -1.5 0 -1 1 -0.29478525699 -0.0813517681079
counter is 10	counter is 10
526	10 1 -1.5 0 1 -1 -1.46242185026 -0.512845087797
counter is 11	counter is 11
418	10 1 -1.5 0 1 1 -1.76305400226 -0.516655087797
counter is 12	counter is 12
877	10 1 -1.5 1 -1 -1 -1.25737509114 -0.456175532941
counter is 13	counter is 13
923	10 1 -1.5 1 -1 1 -0.315094964965 -0.0881755329412
counter is 14	counter is 14
241	10 1 -1.5 1 1 -1 -1.04773620278 -0.46824721946
counter is 15	counter is 15
195	10 1 -1.5 1 1 1 -1.74996931659 -0.49368721946
counter is 16	counter is 16
1021	10 1 -1.5 1.5 -1 -1 -1.20453690924 -0.436735087797
counter is 17	counter is 17
1057	10 1 -1.5 1.5 -1 1 -0.344743068839 -0.0985450877966
counter is 18	counter is 18
97	10 1 -1.5 1.5 1 -1 -1.77022241365 -0.601872868531
counter is 19	counter is 19
61	10 1 -1.5 1.5 1 1 -1.39608317389 -0.603050963592
counter is 20	counter is 20
98	10 1 -1.3 -1.5 -1 -1 0.0236770469708 -0.330238646291
counter is 21	counter is 21
355	10 1 -1.3 -1.5 -1 1 -0.260088969551 -0.0634286462907
counter is 22	counter is 22
1241	10 1 -1.3 -1.5 1 -1 -0.941511648509 -0.323255087797
counter is 23	counter is 23
984	10 1 -1.3 -1.5 1 1 -1.72612506769 -0.566225087797
counter is 24	counter is 24
286	10 1 -1.3 -1 -1 -1 -1.10074781065 -0.354788379462
counter is 25	counter is 25
548	10 1 -1.3 -1 -1 1 -0.472077276275 -0.110801748612
counter is 26	counter is 26
1053	10 1 -1.3 -1 1 -1 -0.87077241319 -0.308745087797
counter is 27	counter is 27
791	10 1 -1.3 -1 1 1 -1.65055845656 -0.515705087797
counter is 28	counter is 28
666	10 1 -1.3 0 -1 -1 -0.518072176049 -0.150787880966
counter is 29	counter is 29
810	10 1 -1.3 0 -1 1 -0.849028395376 -0.283621768108
counter is 30	counter is 30
673	10 1 -1.3 0 1 -1 -1.45275587341 -0.512375087797
counter is 31	counter is 31
529	10 1 -1.3 0 1 1 -1.28016415244 -0.494805087797
counter is 32	counter is 32
1039	10 1 -1.3 1 -1 -1 -0.963685919918 -0.333125532941
counter is 33	counter is 33
1094	10 1 -1.3 1 -1 1 -0.840793643317 -0.281565532941
counter is 34	counter is 34
300	10 1 -1.3 1 1 -1 -0.803466831336 -0.45301721946
counter is 35	counter is 35
245	10 1 -1.3 1 1 1 -1.08737798921 -0.48071721946
counter is 36	counter is 36
1198	10 1 -1.3 1.5 -1 -1 -0.902211050367 -0.307195087797
counter is 37	counter is 37
1260	10 1 -1.3 1.5 -1 1 -0.837154060729 -0.279925087797
counter is 38	
