counter is 36	counter is 36
1198	10 1 -1.3 1.5 -1 -1 -0.902211050367 -0.307195087797
counter is 37	counter is 37
1260	10 1 -1.3 1.5 -1 1 -0.837154060729 -0.279925087797
counter is 38	counter is 38
141	10 1 -1.3 1.5 1 -1 -0.969750447224 -0.593122868531
counter is 39	counter is 39
79	10 1 -1.3 1.5 1 1 -1.25318491547 -0.602090963592
counter is 40	counter is 40
85	10 1 -1.0 -1.5 -1 -1 -0.578904964687 -0.350388646291
counter is 41	counter is 41
361	10 1 -1.0 -1.5 -1 1 -0.339157193598 -0.0920753653459
counter is 42	counter is 42
1431	10 1 -1.0 -1.5 1 -1 -0.311421479265 -0.0256950877966
counter is 43	counter is 43
1158	10 1 -1.0 -1.5 1 1 -1.26925453525 -0.469045087797
counter is 44	counter is 44
241	10 1 -1.0 -1 -1 -1 -0.238288032132 -0.335038379462
counter is 45	counter is 45
576	10 1 -1.0 -1 -1 1 -0.296343454066 -0.029208379462
counter is 46	counter is 46
1275	10 1 -1.0 -1 1 -1 -0.360769333134 -0.0510750877966
counter is 47	counter is 47
943	10 1 -1.0 -1 1 1 -2.03244177446 -0.546275087797
counter is 48	counter is 48
687	10 1 -1.0 0 -1 -1 -0.0279796136368 0.0531770179586
counter is 49	counter is 49
895	10 1 -1.0 0 -1 1 -0.616440771187 -0.177541768108
counter is 50	counter is 50
829	10 1 -1.0 0 1 -1 -1.22536716952 -0.457785087797
counter is 51	counter is 51
624	10 1 -1.0 0 1 1 -2.05628429959 -0.536695087797
counter is 52	counter is 52
1126	10 1 -1.0 1 -1 -1 -0.357379782724 -0.0509155329412
counter is 53	counter is 53
1230	10 1 -1.0 1 -1 1 -0.679600274582 -0.206115532941
counter is 54	counter is 54
390	10 1 -1.0 1 1 -1 -0.898002919719 -0.45781721946
counter is 55	counter is 55
289	10 1 -1.0 1 1 1 -1.58005277353 -0.49197721946
counter is 56	counter is 56
1352	10 1 -1.0 1.5 -1 -1 -0.341020412663 -0.0417350877966
counter is 57	counter is 57
1428	10 1 -1.0 1.5 -1 1 -0.665184077613 -0.200595087797
counter is 58	counter is 58
164	10 1 -1.0 1.5 1 -1 -0.770550107281 -0.593556372921
counter is 59	counter is 59
91	10 1 -1.0 1.5 1 1 -2.33684437966 -0.617230963592
counter is 60	counter is 60
52	10 1 0 -1.5 -1 -1 -2.20991407676 -0.378217661536
counter is 61	counter is 61
283	10 1 0 -1.5 -1 1 -1.75033300402 -0.489388646291
counter is 62	counter is 62
1579	10 1 0 -1.5 1 -1 -1.56415076528 -0.595465087797
counter is 63	counter is 63
1351	10 1 0 -1.5 1 1 -2.07522108715 -0.828285087797
counter is 64	counter is 64
139	10 1 0 -1 -1 -1 -1.33463766121 -0.368368379462
counter is 65	counter is 65
423	10 1 0 -1 -1 1 -2.02873167644 -0.599121748612
counter is 66	counter is 66
1492	10 1 0 -1 1 -1 -1.57193821408 -0.599605087797
counter is 67	counter is 67
1211	10 1 0 -1 1 1 -1.86977185737 -0.715415087797
counter is 68	counter is 68
411	10 1 0 0 -1 -1 -1.50695992627 -0.403502982041
counter is 69	counter is 69
824	10 1 0 0 -1 1 -2.31435198239 -0.980621768108
counter is 70	counter is 70
1220	10 1 0 0 1 -1 -1.53883102189 -0.582955087797
counter is 71	counter is 71
810	10 1 0 0 1 1 -1.1625342895 -0.485825087797
counter is 72	counter is 72
1004	10 1 0 1 -1 -1 -1.4600454071 -0.542085532941
counter is 73	counter is 73
1213	10 1 0 1 -1 1 -2.25727954568 -0.959045532941
counter is 74	counter is 74
627	10 1 0 1 1 -1 -1.84579320896 -0.54849721946
counter is 75	counter is 75
421	10 1 0 1 1 1 -1.53473099943 -0.49125721946
counter is 76	counter is 76
1364	10 1 0 1.5 -1 -1 -1.57022273755 -0.593705087797
counter is 77	counter is 77
1510	10 1 0 1.5 -1 1 -2.27932551502 -0.972265087797
counter is 78	counter is 78
267	10 1 0 1.5 1 -1 -1.9783436181 -0.623446372921
counter is 79	counter is 79
124	10 1 0 1.5 1 1 -1.18700957389 -0.599218836797
counter is 80	counter is 80
50	10 1 1.0 -1.5 -1 -1 -0.583949354279 -0.348558646291
counter is 81	counter is 81
169	10 1 1.0 -1.5 -1 1 -1.05095319011 -0.348420062708
counter is 82	counter is 82
1709	10 1 1.0 -1.5 1 -1 -1.83528218278 -0.674995087797
counter is 83	counter is 83
1587	10 1 1.0 -1.5 1 1 -0.861064910255 -0.284735087797
counter is 84	counter is 84
111	10 1 1.0 -1 -1 -1 0.0943906811848 -0.344208379462
counter is 85	counter is 85
282	10 1 1.0 -1 -1 1 -0.899528732734 -0.317830062708
counter is 86	counter is 86
1648	10 1 1.0 -1 1 -1 -1.87214871544 -0.689375087797
counter is 87	counter is 87
1474	10 1 1.0 -1 1 1 -0.912204831107 -0.315325087797
counter is 88	counter is 88
305	10 1 1.0 0 -1 -1 -0.37415565181 -0.355812982041
counter is 89	counter is 89
557	10 1 1.0 0 -1 1 -1.16875301683 -0.428441768108
counter is 90	counter is 90
1454	10 1 1.0 0 1 -1 -1.89190034077 -0.696255087797
counter is 91	counter is 91
1199	10 1 1.0 0 1 1 -0.87142086362 -0.342965087797
counter is 92	counter is 92
843	10 1 1.0 1 -1 -1 -0.0342574520701 -0.418335532941
counter is 93	counter is 93
1135	10 1 1.0 1 -1 1 -0.79920767295 -0.240025532941
counter is 94	counter is 94
916	10 1 1.0 1 1 -1 -2.02056985681 -0.73785721946
counter is 95	counter is 95
621	10 1 1.0 1 1 1 -1.96862732781 -0.51523721946
counter is 96	counter is 96
1349	10 1 1.0 1.5 -1 -1 -1.86378628915 -0.657265087797
counter is 97	counter is 97
1562	10 1 1.0 1.5 -1 1 -0.922053288948 -0.298045087797
counter is 98	counter is 98
410	10 1 1.0 1.5 1 -1 -1.90829029136 -0.625496372921
counter is 99	counter is 99
194	10 1 1.0 1.5 1 1 -0.55360064902 -0.583786372921
counter is 100	counter is 100
38	10 1 1.3 -1.5 -1 -1 -2.0099947138 -0.424599744012
counter is 101	counter is 101
122	10 1 1.3 -1.5 -1 1 -1.30948250267 -0.359538646291
counter is 102	counter is 102
1550	10 1 1.3 -1.5 1 -1 -0.634545165175 -0.259585087797
counter is 103	counter is 103
1464	10 1 1.3 -1.5 1 1 -1.51426462174 -0.559025087797
counter is 104	counter is 104
94	10 1 1.3 -1 -1 -1 -0.314031035175 -0.335881748612
counter is 105	counter is 105
207	10 1 1.3 -1 -1 1 -1.37531444708 -0.383948379462
counter is 106	counter is 106
1494	10 1 1.3 -1 1 -1 -0.698985038298 -0.280045087797
counter is 107	counter is 107
1379	10 1 1.3 -1 1 1 -1.48354379069 -0.544645087797
counter is 108	counter is 108
266	10 1 1.3 0 -1 -1 -0.915820899341 -0.488401768108
counter is 109	counter is 109
435	10 1 1.3 0 -1 1 -1.47700531816 -0.512741768108
counter is 110	counter is 110
1322	10 1 1.3 0 1 -1 -0.697182609537 -0.279445087797
counter is 111	counter is 111
1151	10 1 1.3 0 1 1 -1.53124676297 -0.554605087797
counter is 112	counter is 112
718	10 1 1.3 1 -1 -1 -0.569337486754 -0.460765532941
counter is 113	counter is 113
922	10 1 1.3 1 -1 1 -1.47489071386 -0.523465532941
counter is 114	counter is 114
870	10 1 1.3 1 1 -1 -0.746086927282 -0.29093721946
counter is 115	counter is 115
664	10 1 1.3 1 1 1 -1.52423580518 -0.52774721946
counter is 116	counter is 116
1178	10 1 1.3 1.5 -1 -1 -0.912746087938 -0.408295087797
counter is 117	counter is 117
1393	10 1 1.3 1.5 -1 1 -1.57328642243 -0.584395087797
counter is 118	counter is 118
410	10 1 1.3 1.5 1 -1 -1.21015552164 -0.469986372921
counter is 119	counter is 119
193	10 1 1.3 1.5 1 1 -0.913898483856 -0.587988836797
counter is 120	counter is 120
28	10 1 1.5 -1.5 -1 -1 -1.55033485766 -0.421599744012
counter is 121	counter is 121
95	10 1 1.5 -1.5 -1 1 -1.83689217552 -0.372228646291
counter is 122	counter is 122
1355	10 1 1.5 -1.5 1 -1 -0.615789301505 -0.270625087797
counter is 123	counter is 123
1287	10 1 1.5 -1.5 1 1 -0.880944381577 -0.346075087797
counter is 124	counter is 124
70	10 1 1.5 -1 -1 -1 -0.428644064315 -0.339651748612
counter is 125	counter is 125
158	10 1 1.5 -1 -1 1 -1.30794262316 -0.376828379462
counter is 126	counter is 126
1313	10 1 1.5 -1 1 -1 -0.660853379423 -0.284315087797
counter is 127	counter is 127
1224	10 1 1.5 -1 1 1 -0.878466255949 -0.351505087797
counter is 128	counter is 128
216	10 1 1.5 0 -1 -1 -0.178426871422 -0.338667880966
counter is 129	counter is 129
352	10 1 1.5 0 -1 1 -0.991960849052 -0.451961768108
counter is 130	counter is 130
1167	10 1 1.5 0 1 -1 -0.706300352308 -0.298095087797
counter is 131	counter is 131
1030	10 1 1.5 0 1 1 -1.0945630108 -0.415125087797
counter is 132	counter is 132
599	10 1 1.5 1 -1 -1 -0.571478341499 -0.464605532941
counter is 133	counter is 133
746	10 1 1.5 1 -1 1 -0.979785410068 -0.421195532941
counter is 134	counter is 134
784	10 1 1.5 1 1 -1 -0.710751580777 -0.29513721946
counter is 135	counter is 135
636	10 1 1.5 1 1 1 -1.13977831745 -0.42975721946
counter is 136	counter is 136
993	10 1 1.5 1.5 -1 -1 -2.00001105392 -0.547825087797
counter is 137	counter is 137
1191	10 1 1.5 1.5 -1 1 -1.03700817592 -0.393225087797
counter is 138	counter is 138
390	10 1 1.5 1.5 1 -1 -0.81164589603 -0.338486372921
counter is 139	counter is 139
191	10 1 1.5 1.5 1 1 -0.907326913235 -0.578898836797
counter is 140	counter is 140
96	10 5 -1.5 -1.5 -1 -1 -0.0948038764363 -0.335972982041
counter is 141	counter is 141
328	10 5 -1.5 -1.5 -1 1 0.357697631411 0.749507017959
counter is 142	counter is 142
1022	10 5 -1.5 -1.5 1 -1 -0.641597318147 0.0963649122034
counter is 143	counter is 143
790	10 5 -1.5 -1.5 1 1 -1.30244002817 -0.481605087797
counter is 144	counter is 144
280	10 5 -1.5 -1 -1 -1 -0.202886336373 0.308144599693
counter is 145	counter is 145
491	10 5 -1.5 -1 -1 1 0.241244275389 0.719994599693
counter is 146	counter is 146
838	10 5 -1.5 -1 1 -1 -1.50004750697 -0.591605087797
counter is 147	counter is 147
627	10 5 -1.5 -1 1 1 -1.38256979096 -0.495945087797
counter is 148	counter is 148
592	10 5 -1.5 0 -1 -1 -0.278223350933 0.367921413892
counter is 149	counter is 149
700	10 5 -1.5 0 -1 1 0.0432596347036 0.64475462582
counter is 150	counter is 150
526	10 5 -1.5 0 1 -1 -1.86043164932 -0.641715087797
counter is 151	counter is 151
418	10 5 -1.5 0 1 1 -1.44397510943 -0.503025087797
counter is 152	counter is 152
877	10 5 -1.5 1 -1 -1 -0.646805905305 0.0923044670588
counter is 153	counter is 153
923	10 5 -1.5 1 -1 1 0.0458466193984 0.650784467059
counter is 154	counter is 154
241	10 5 -1.5 1 1 -1 -0.927663227613 -0.450875087797
counter is 155	counter is 155
195	10 5 -1.5 1 1 1 -1.43777156352 -0.501835087797
counter is 156	counter is 156
1021	10 5 -1.5 1.5 -1 -1 -0.583424041701 0.156014912203
counter is 157	counter is 157
1057	10 5 -1.5 1.5 -1 1 0.0323825107073 0.645114912203
counter is 158	counter is 158
97	10 5 -1.5 1.5 1 -1 -2.15311281662 -0.604650296105
counter is 159	counter is 159
61	10 5 -1.5 1.5 1 1 -1.63731164151 -0.596754218652
counter is 160	counter is 160
98	10 5 -1.3 -1.5 -1 -1 -0.279802501004 -0.342252982041
counter is 161	counter is 161
355	10 5 -1.3 -1.5 -1 1 0.444940020311 0.684807017959
counter is 162	counter is 162
1241	10 5 -1.3 -1.5 1 -1 -0.805003152831 -0.0560350877966
counter is 163	counter is 163
984	10 5 -1.3 -1.5 1 1 -0.702333920912 -0.172485087797
counter is 164	counter is 164
286	10 5 -1.3 -1 -1 -1 0.502948883868 0.483784599693
counter is 165	counter is 165
548	10 5 -1.3 -1 -1 1 0.457066969679 0.906957587796
counter is 166	counter is 166
1053	10 5 -1.3 -1 1 -1 -1.91382685076 -0.925935087797
counter is 167	counter is 167
791	10 5 -1.3 -1 1 1 -0.849856165226 -0.416055087797
counter is 168	counter is 168
666	10 5 -1.3 0 -1 -1 -0.316963224683 0.309571413892
counter is 169	counter is 169
810	10 5 -1.3 0 -1 1 0.250116542611 0.86705462582
counter is 170	counter is 170
673	10 5 -1.3 0 1 -1 -1.97921528475 -0.742045087797
counter is 171	counter is 171
529	10 5 -1.3 0 1 1 -1.25056913196 -0.480915087797
counter is 172	counter is 172
1039	10 5 -1.3 1 -1 -1 -0.836443335405 -0.0864255329412
counter is 173	counter is 173
1094	10 5 -1.3 1 -1 1 0.239020390784 0.869904467059
counter is 174	counter is 174
300	10 5 -1.3 1 1 -1 -0.783415653551 -0.430825087797
counter is 175	counter is 175
245	10 5 -1.3 1 1 1 -1.07733689213 -0.476535087797
counter is 176	counter is 176
1198	10 5 -1.3 1.5 -1 -1 -0.790591273508 -0.0417250877966
counter is 177	counter is 177
1260	10 5 -1.3 1.5 -1 1 0.248044757251 0.886044912203
counter is 178	counter is 178
141	10 5 -1.3 1.5 1 -1 -1.14945474029 -0.565590296105
counter is 179	counter is 179
79	10 5 -1.3 1.5 1 1 -1.53759501904 -0.593264218652
counter is 180	counter is 180
85	10 5 -1.0 -1.5 -1 -1 -0.455860228875 -0.361552982041
counter is 181	counter is 181
361	10 5 -1.0 -1.5 -1 1 -0.15185581005 0.213061620538
counter is 182	counter is 182
1431	10 5 -1.0 -1.5 1 -1 -0.844318719203 -0.0965450877966
counter is 183	counter is 183
1158	10 5 -1.0 -1.5 1 1 -0.24674559215 0.166714912203
counter is 184	counter is 184
241	10 5 -1.0 -1 -1 -1 -0.334306774854 -0.321115400307
counter is 185	counter is 185
576	10 5 -1.0 -1 -1 1 0.34444677827 0.850634599693
counter is 186	counter is 186
1275	10 5 -1.0 -1 1 -1 -0.920077904127 -0.180835087797
counter is 187	counter is 187
943	10 5 -1.0 -1 1 1 -1.57512990398 -0.533195087797
counter is 188	counter is 188
687	10 5 -1.0 0 -1 -1 -0.229762528983 0.358143920224
counter is 189	counter is 189
895	10 5 -1.0 0 -1 1 0.185824764894 0.84777462582
counter is 190	counter is 190
829	10 5 -1.0 0 1 -1 -2.18934695528 -0.870015087797
counter is 191	counter is 191
624	10 5 -1.0 0 1 1 -2.14656168087 -0.612655087797
counter is 192	counter is 192
1126	10 5 -1.0 1 -1 -1 -0.853979345513 -0.109015532941
counter is 193	counter is 193
1230	10 5 -1.0 1 -1 1 0.0859150178345 0.772324467059
counter is 194	counter is 194
390	10 5 -1.0 1 1 -1 -1.14745080404 -0.468045087797
counter is 195	counter is 195
289	10 5 -1.0 1 1 1 -1.71470638864 -0.529975087797
counter is 196	counter is 196
1352	10 5 -1.0 1.5 -1 -1 -0.832603350343 -0.0878250877966
counter is 197	counter is 197
1428	10 5 -1.0 1.5 -1 1 0.0414725905925 0.744144912203
counter is 198	counter is 198
164	10 5 -1.0 1.5 1 -1 -1.58550397481 -0.595182460691
counter is 199	counter is 199
91	10 5 -1.0 1.5 1 1 -1.8049301897 -0.602384218652
counter is 200	counter is 200
52	10 5 0 -1.5 -1 -1 -0.0315240413334 -0.331881748612
counter is 201	counter is 201
283	10 5 0 -1.5 -1 1 -1.31406388651 -0.437172982041
counter is 202	counter is 202
1579	10 5 0 -1.5 1 -1 -1.39032493328 -1.0104650878
counter is 203	counter is 203
1351	10 5 0 -1.5 1 1 -0.817937135672 0.0163649122034
counter is 204	counter is 204
139	10 5 0 -1 -1 -1 -0.0539182263575 -0.364565400307
counter is 205	counter is 205
423	10 5 0 -1 -1 1 -0.82759811532 -0.226152412204
counter is 206	counter is 206
1492	10 5 0 -1 1 -1 -1.40438009489 -1.0532850878
counter is 207	counter is 207
1211	10 5 0 -1 1 1 -0.982310691333 -0.216075087797
counter is 208	counter is 208
411	10 5 0 0 -1 -1 -0.530636301342 -0.332656079776
counter is 209	counter is 209
824	10 5 0 0 -1 1 -0.934907831895 -0.13172537418
counter is 210	counter is 210
1220	10 5 0 0 1 -1 -1.42005559134 -1.0951150878
counter is 211	counter is 211
810	10 5 0 0 1 1 -0.931446724686 -0.415255087797
counter is 212	counter is 212
1004	10 5 0 1 -1 -1 -1.63798264654 -1.31453553294
counter is 213	counter is 213
1213	10 5 0 1 -1 1 -0.9233098559 -0.129225532941
counter is 214	counter is 214
627	10 5 0 1 1 -1 -0.755521214033 -0.178425087797
counter is 215	counter is 215
421	10 5 0 1 1 1 -0.515096886888 -0.410535087797
counter is 216	counter is 216
1364	10 5 0 1.5 -1 -1 -1.36625010878 -0.869265087797
counter is 217	counter is 217
1510	10 5 0 1.5 -1 1 -0.865490491801 -0.0476250877966
counter is 218	counter is 218
267	10 5 0 1.5 1 -1 -2.34521491277 -0.729652460691
counter is 219	counter is 219
124	10 5 0 1.5 1 1 -1.64910902489 -0.592724218652
counter is 220	counter is 220
50	10 5 1.0 -1.5 -1 -1 0.0352563307824 -0.354302982041
counter is 221	counter is 221
169	10 5 1.0 -1.5 -1 1 -1.00511296296 -0.351315880661
counter is 222	counter is 222
1709	10 5 1.0 -1.5 1 -1 -0.695032444763 0.211234912203
counter is 223	counter is 223
1587	10 5 1.0 -1.5 1 1 -0.0853948183329 0.884114912203
counter is 224	counter is 224
111	10 5 1.0 -1 -1 -1 -0.426931422243 -0.390745400307
counter is 225	counter is 225
282	10 5 1.0 -1 -1 1 -0.796691142842 -0.274215880661
counter is 226	counter is 226
1648	10 5 1.0 -1 1 -1 -0.697548319933 0.203824912203
counter is 227	counter is 227
1474	10 5 1.0 -1 1 1 -0.114423406714 0.807024912203
counter is 228	counter is 228
305	10 5 1.0 0 -1 -1 -0.307514067891 -0.347216079776
counter is 229	counter is 229
557	10 5 1.0 0 -1 1 -0.825888600234 -0.13832537418
counter is 230	counter is 230
1454	10 5 1.0 0 1 -1 -0.739611248281 0.150374912203
counter is 231	counter is 231
1199	10 5 1.0 0 1 1 -0.118835718842 0.555704912203
counter is 232	counter is 232
843	10 5 1.0 1 -1 -1 -1.13952500281 -0.451435532941
counter is 233	counter is 233
1135	10 5 1.0 1 -1 1 -0.102856216185 0.929414467059
counter is 234	counter is 234
916	10 5 1.0 1 1 -1 -0.697860715666 0.189414912203
counter is 235	counter is 235
621	10 5 1.0 1 1 1 -1.44410377481 -0.504815087797
counter is 236	counter is 236
1349	10 5 1.0 1.5 -1 -1 -0.416898272478 0.349804912203
counter is 237	counter is 237
1562	10 5 1.0 1.5 -1 1 -0.132638272026 0.948864912203
counter is 238	counter is 238
410	10 5 1.0 1.5 1 -1 -1.9891788335 -0.717782460691
counter is 239	counter is 239
194	10 5 1.0 1.5 1 1 -2.19326060812 -0.630222460691
counter is 240	counter is 240
38	10 5 1.3 -1.5 -1 -1 -0.656079552276 -0.420453190013
counter is 241	counter is 241
122	10 5 1.3 -1.5 -1 1 -1.03202816298 -0.374062982041
counter is 242	counter is 242
1550	10 5 1.3 -1.5 1 -1 -0.655625156572 0.103664912203
counter is 243	counter is 243
1464	10 5 1.3 -1.5 1 1 -0.593853866943 0.221434912203
counter is 244	counter is 244
94	10 5 1.3 -1 -1 -1 -0.237924030143 -0.368472412204
counter is 245	counter is 245
207	10 5 1.3 -1 -1 1 -0.849904289489 -0.348415400307
counter is 246	counter is 246
1494	10 5 1.3 -1 1 -1 -0.678605189907 0.0791849122034
counter is 247	counter is 247
1379	10 5 1.3 -1 1 1 -0.657454239071 0.151934912203
counter is 248	counter is 248
266	10 5 1.3 0 -1 -1 -0.556619026614 -0.44232537418
counter is 249	counter is 249
435	10 5 1.3 0 -1 1 -1.17325798481 -0.42720537418
counter is 250	counter is 250
1322	10 5 1.3 0 1 -1 -0.715290091288 0.0482849122034
counter is 251	counter is 251
1151	10 5 1.3 0 1 1 -0.608308877866 0.148394912203
counter is 252	counter is 252
718	10 5 1.3 1 -1 -1 -1.36910793498 -0.493815532941
counter is 253	counter is 253
922	10 5 1.3 1 -1 1 -0.586282917806 -0.0180455329412
counter is 254	counter is 254
870	10 5 1.3 1 1 -1 -0.644025204714 0.106994912203
counter is 255	counter is 255
664	10 5 1.3 1 1 1 -0.959166605176 -0.253535087797
counter is 256	counter is 256
1178	10 5 1.3 1.5 -1 -1 -0.412890319205 -0.0469150877966
counter is 257	counter is 257
1393	10 5 1.3 1.5 -1 1 -0.577717044718 0.247214912203
counter is 258	counter is 258
410	10 5 1.3 1.5 1 -1 -1.46990188298 -0.445862460691
counter is 259	counter is 259
193	10 5 1.3 1.5 1 1 -2.08456148215 -0.619384218652
counter is 260	counter is 260
28	10 5 1.5 -1.5 -1 -1 -0.942731520953 -0.429533190013
counter is 261	counter is 261
95	10 5 1.5 -1.5 -1 1 -1.13991187025 -0.379752982041
counter is 262	counter is 262
1355	10 5 1.5 -1.5 1 -1 -0.651434405662 0.0645549122034
counter is 263	counter is 263
1287	10 5 1.5 -1.5 1 1 -0.24411698316 0.371264912203
counter is 264	counter is 264
70	10 5 1.5 -1 -1 -1 -0.491176882652 -0.382782412204
counter is 265	counter is 265
158	10 5 1.5 -1 -1 1 -0.797447285723 -0.343925400307
counter is 266	counter is 266
1313	10 5 1.5 -1 1 -1 -0.671013253856 0.0453049122034
counter is 267	counter is 267
1224	10 5 1.5 -1 1 1 -0.334018040791 0.291584912203
counter is 268	counter is 268
216	10 5 1.5 0 -1 -1 0.178393916933 -0.331308586108
counter is 269	counter is 269
352	10 5 1.5 0 -1 1 -1.01229309545 -0.39458537418
counter is 270	counter is 270
1167	10 5 1.5 0 1 -1 -0.742436422061 -0.0189350877966
counter is 271	counter is 271
1030	10 5 1.5 0 1 1 -0.32103341508 0.259924912203
counter is 272	counter is 272
599	10 5 1.5 1 -1 -1 -1.12835935527 -0.466225532941
counter is 273	counter is 273
746	10 5 1.5 1 -1 1 -0.62721729106 -0.149465532941
counter is 274	counter is 274
784	10 5 1.5 1 1 -1 -0.681554703259 0.0312149122034
counter is 275	counter is 275
636	10 5 1.5 1 1 1 -0.466683885796 0.0220249122034
counter is 276	counter is 276
993	10 5 1.5 1.5 -1 -1 -1.10116851402 -0.443345087797
counter is 277	counter is 277
1191	10 5 1.5 1.5 -1 1 -0.162793102668 0.423414912203
counter is 278	counter is 278
390	10 5 1.5 1.5 1 -1 -1.02897019074 -0.0976224606906
counter is 279	counter is 279
191	10 5 1.5 1.5 1 1 -2.54603010755 -0.651444218652
counter is 280	counter is 280
96	10 10 -1.5 -1.5 -1 -1 -1.45120534084 -0.445314928842
counter is 281	counter is 281
328	10 10 -1.5 -1.5 -1 1 -0.241507533499 0.878355071158
counter is 282	counter is 282
1022	10 10 -1.5 -1.5 1 -1 -0.79825348208 0.102764912203
counter is 283	counter is 283
790	10 10 -1.5 -1.5 1 1 -1.48172676041 -0.524695087797
counter is 284	counter is 284
280	10 10 -1.5 -1 -1 -1 -0.843447794649 -0.0706419802549
counter is 285	counter is 285
491	10 10 -1.5 -1 -1 1 -0.29294727463 0.897938019745
counter is 286	counter is 286
838	10 10 -1.5 -1 1 -1 -1.04464522026 -0.297635087797
counter is 287	counter is 287
627	10 10 -1.5 -1 1 1 -1.74230149938 -0.570005087797
counter is 288	counter is 288
592	10 10 -1.5 0 -1 -1 -0.595368980573 0.387597578699
counter is 289	counter is 289
700	10 10 -1.5 0 -1 1 -0.404542995828 0.82211462582
counter is 290	counter is 290
526	10 10 -1.5 0 1 -1 -1.81350811498 -0.756365087797
counter is 291	counter is 291
418	10 10 -1.5 0 1 1 -1.68341686814 -0.540145087797
counter is 292	counter is 292
877	10 10 -1.5 1 -1 -1 -0.714458009647 0.268714467059
counter is 293	counter is 293
923	10 10 -1.5 1 -1 1 -0.410879749413 0.801504467059
counter is 294	counter is 294
241	10 10 -1.5 1 1 -1 -2.08382394053 -0.675745087797
counter is 295	counter is 295
195	10 10 -1.5 1 1 1 -1.56231732903 -0.512315087797
counter is 296	counter is 296
1021	10 10 -1.5 1.5 -1 -1 -0.8029140609 0.0944149122034
counter is 297	counter is 297
1057	10 10 -1.5 1.5 -1 1 -0.416903839564 0.790614912203
counter is 298	counter is 298
97	10 10 -1.5 1.5 1 -1 -1.81665443466 -0.607392460691
counter is 299	counter is 299
61	10 10 -1.5 1.5 1 1 -1.80058714176 -0.602014218652
counter is 300	counter is 300
98	10 10 -1.3 -1.5 -1 -1 -1.31620158399 -0.436314928842
counter is 301	counter is 301
355	10 10 -1.3 -1.5 -1 1 -0.441891105096 0.506455071158
counter is 302	counter is 302
1241	10 10 -1.3 -1.5 1 -1 -0.651689587669 0.451574912203
counter is 303	counter is 303
984	10 10 -1.3 -1.5 1 1 -0.374399457756 0.222504912203
counter is 304	counter is 304
286	10 10 -1.3 -1 -1 -1 -0.401433322288 0.351108019745
counter is 305	counter is 305
548	10 10 -1.3 -1 -1 1 -0.208046079397 1.11589183772
counter is 306	counter is 306
1053	10 10 -1.3 -1 1 -1 -1.08878475669 -0.361585087797
counter is 307	counter is 307
791	10 10 -1.3 -1 1 1 -1.01348088141 -0.407235087797
counter is 308	counter is 308
666	10 10 -1.3 0 -1 -1 -0.42812117485 0.751737578699
counter is 309	counter is 309
810	10 10 -1.3 0 -1 1 -0.304462056793 1.10868462582
counter is 310	counter is 310
673	10 10 -1.3 0 1 -1 -1.69379314298 -0.762705087797
counter is 311	counter is 311
529	10 10 -1.3 0 1 1 -1.1347521415 -0.451405087797
counter is 312	counter is 312
1039	10 10 -1.3 1 -1 -1 -0.579109557409 0.617624467059
counter is 313	counter is 313
1094	10 10 -1.3 1 -1 1 -0.289143159745 1.14062446706
counter is 314	counter is 314
300	10 10 -1.3 1 1 -1 -1.98339615406 -0.666845087797
counter is 315	counter is 315
245	10 10 -1.3 1 1 1 -1.17034021014 -0.476125087797
counter is 316	counter is 316
1198	10 10 -1.3 1.5 -1 -1 -0.661242194705 0.429434912203
counter is 317	counter is 317
1260	10 10 -1.3 1.5 -1 1 -0.285910870409 1.1514249122
counter is 318	counter is 318
141	10 10 -1.3 1.5 1 -1 -1.48990179531 -0.584602460691
counter is 319	counter is 319
79	10 10 -1.3 1.5 1 1 -1.47932082343 -0.587514218652
counter is 320	counter is 320
85	10 10 -1.0 -1.5 -1 -1 -2.11516716683 -0.470874928842
counter is 321	counter is 321
361	10 10 -1.0 -1.5 -1 1 -0.599594044727 0.199843920224
counter is 322	counter is 322
1431	10 10 -1.0 -1.5 1 -1 -0.523678094703 0.741284912203
counter is 323	counter is 323
1158	10 10 -1.0 -1.5 1 1 -0.439379880205 0.334724912203
counter is 324	counter is 324
241	10 10 -1.0 -1 -1 -1 -1.33901733863 -0.456781980255
counter is 325	counter is 325
576	10 10 -1.0 -1 -1 1 -0.268905839392 0.962778019745
counter is 326	counter is 326
1275	10 10 -1.0 -1 1 -1 -0.523352063533 0.701464912203
counter is 327	counter is 327
943	10 10 -1.0 -1 1 1 -1.23348086509 -0.454635087797
counter is 328	counter is 328
687	10 10 -1.0 0 -1 -1 -0.22091690212 1.00411781626
counter is 329	counter is 329
895	10 10 -1.0 0 -1 1 -0.345292793464 1.00067462582
counter is 330	counter is 330
829	10 10 -1.0 0 1 -1 -1.6146213787 -0.780155087797
counter is 331	counter is 331
624	10 10 -1.0 0 1 1 -1.57821415004 -0.538495087797
counter is 332	counter is 332
1126	10 10 -1.0 1 -1 -1 -0.452884402195 0.871424467059
counter is 333	counter is 333
1230	10 10 -1.0 1 -1 1 -0.363279979584 0.975814467059
counter is 334	counter is 334
390	10 10 -1.0 1 1 -1 -1.92033988177 -0.665495087797
counter is 335	counter is 335
289	10 10 -1.0 1 1 1 -1.46267008124 -0.506415087797
counter is 336	counter is 336
1352	10 10 -1.0 1.5 -1 -1 -0.54352369065 0.688414912203
counter is 337	counter is 337
1428	10 10 -1.0 1.5 -1 1 -0.369701965588 0.978054912203
counter is 338	counter is 338
164	10 10 -1.0 1.5 1 -1 -1.59549623764 -0.588432460691
counter is 339	counter is 339
91	10 10 -1.0 1.5 1 1 -1.95165416926 -0.609244218652
counter is 340	counter is 340
52	10 10 0 -1.5 -1 -1 -0.668735786391 -0.409885400307
counter is 341	counter is 341
283	10 10 0 -1.5 -1 1 -0.747634773436 -0.126134928842
counter is 342	counter is 342
1579	10 10 0 -1.5 1 -1 -0.5314507089 0.956354912203
counter is 343	counter is 343
1351	10 10 0 -1.5 1 1 -0.651602286931 0.516534912203
counter is 344	counter is 344
139	10 10 0 -1 -1 -1 -0.405700623087 -0.399821980255
counter is 345	counter is 345
423	10 10 0 -1 -1 1 -0.526465249754 0.138961837715
counter is 346	counter is 346
1492	10 10 0 -1 1 -1 -0.544230104262 0.909934912203
counter is 347	counter is 347
1211	10 10 0 -1 1 1 -0.760469842286 0.231124912203
counter is 348	counter is 348
411	10 10 0 0 -1 -1 -0.857414080305 -0.380112183736
counter is 349	counter is 349
824	10 10 0 0 -1 1 -0.646686541117 0.61028462582
counter is 350	counter is 350
1220	10 10 0 0 1 -1 -0.552276384254 0.869504912203
counter is 351	counter is 351
810	10 10 0 0 1 1 -0.658922005511 -0.291575087797
counter is 352	counter is 352
1004	10 10 0 1 -1 -1 -0.718963050185 0.318184467059
counter is 353	counter is 353
1213	10 10 0 1 -1 1 -0.610400588762 0.692574467059
counter is 354	counter is 354
627	10 10 0 1 1 -1 -0.619453393813 0.153184912203
counter is 355	counter is 355
421	10 10 0 1 1 1 -0.640062596822 -0.366645087797
counter is 356	counter is 356
1364	10 10 0 1.5 -1 -1 -0.537177157457 0.869974912203
counter is 357	counter is 357
1510	10 10 0 1.5 -1 1 -0.568306267147 0.836054912203
counter is 358	counter is 358
267	10 10 0 1.5 1 -1 -1.49842246092 -0.504562460691
counter is 359	counter is 359
124	10 10 0 1.5 1 1 -1.90340447537 -0.610714218652
counter is 360	counter is 360
50	10 10 1.0 -1.5 -1 -1 -0.518095299027 -0.410294928842
counter is 361	
169	
counter is 36	counter is 36
1198	10 1 -1.3 1.5 -1 -1 -0.902211050367 -0.307195087797
counter is 37	counter is 37
1260	10 1 -1.3 1.5 -1 1 -0.837154060729 -0.279925087797
counter is 38	counter is 38
141	10 1 -1.3 1.5 1 -1 -0.969750447224 -0.593122868531
counter is 39	counter is 39
79	10 1 -1.3 1.5 1 1 -1.25318491547 -0.602090963592
counter is 40	counter is 40
85	10 1 -1.0 -1.5 -1 -1 -0.578904964687 -0.350388646291
counter is 41	counter is 41
361	10 1 -1.0 -1.5 -1 1 -0.339157193598 -0.0920753653459
counter is 42	counter is 42
1431	10 1 -1.0 -1.5 1 -1 -0.311421479265 -0.0256950877966
counter is 43	counter is 43
1158	10 1 -1.0 -1.5 1 1 -1.26925453525 -0.469045087797
counter is 44	counter is 44
241	10 1 -1.0 -1 -1 -1 -0.238288032132 -0.335038379462
counter is 45	counter is 45
576	10 1 -1.0 -1 -1 1 -0.296343454066 -0.029208379462
counter is 46	counter is 46
1275	10 1 -1.0 -1 1 -1 -0.360769333134 -0.0510750877966
counter is 47	counter is 47
943	10 1 -1.0 -1 1 1 -2.03244177446 -0.546275087797
counter is 48	counter is 48
687	10 1 -1.0 0 -1 -1 -0.0279796136368 0.0531770179586
counter is 49	counter is 49
895	10 1 -1.0 0 -1 1 -0.616440771187 -0.177541768108
counter is 50	counter is 50
829	10 1 -1.0 0 1 -1 -1.22536716952 -0.457785087797
counter is 51	counter is 51
624	10 1 -1.0 0 1 1 -2.05628429959 -0.536695087797
counter is 52	counter is 52
1126	10 1 -1.0 1 -1 -1 -0.357379782724 -0.0509155329412
counter is 53	counter is 53
1230	10 1 -1.0 1 -1 1 -0.679600274582 -0.206115532941
counter is 54	counter is 54
390	10 1 -1.0 1 1 -1 -0.898002919719 -0.45781721946
counter is 55	counter is 55
289	10 1 -1.0 1 1 1 -1.58005277353 -0.49197721946
counter is 56	counter is 56
1352	10 1 -1.0 1.5 -1 -1 -0.341020412663 -0.0417350877966
counter is 57	counter is 57
1428	10 1 -1.0 1.5 -1 1 -0.665184077613 -0.200595087797
counter is 58	counter is 58
164	10 1 -1.0 1.5 1 -1 -0.770550107281 -0.593556372921
counter is 59	counter is 59
91	10 1 -1.0 1.5 1 1 -2.33684437966 -0.617230963592
counter is 60	counter is 60
52	10 1 0 -1.5 -1 -1 -2.20991407676 -0.378217661536
counter is 61	counter is 61
283	10 1 0 -1.5 -1 1 -1.75033300402 -0.489388646291
counter is 62	counter is 62
1579	10 1 0 -1.5 1 -1 -1.56415076528 -0.595465087797
counter is 63	counter is 63
1351	10 1 0 -1.5 1 1 -2.07522108715 -0.828285087797
counter is 64	counter is 64
139	10 1 0 -1 -1 -1 -1.33463766121 -0.368368379462
counter is 65	counter is 65
423	10 1 0 -1 -1 1 -2.02873167644 -0.599121748612
counter is 66	counter is 66
1492	10 1 0 -1 1 -1 -1.57193821408 -0.599605087797
counter is 67	counter is 67
1211	10 1 0 -1 1 1 -1.86977185737 -0.715415087797
counter is 68	counter is 68
411	10 1 0 0 -1 -1 -1.50695992627 -0.403502982041
counter is 69	counter is 69
824	10 1 0 0 -1 1 -2.31435198239 -0.980621768108
counter is 70	counter is 70
1220	10 1 0 0 1 -1 -1.53883102189 -0.582955087797
counter is 71	counter is 71
810	10 1 0 0 1 1 -1.1625342895 -0.485825087797
counter is 72	counter is 72
1004	10 1 0 1 -1 -1 -1.4600454071 -0.542085532941
counter is 73	counter is 73
1213	10 1 0 1 -1 1 -2.25727954568 -0.959045532941
counter is 74	counter is 74
627	10 1 0 1 1 -1 -1.84579320896 -0.54849721946
counter is 75	counter is 75
421	10 1 0 1 1 1 -1.53473099943 -0.49125721946
counter is 76	counter is 76
1364	10 1 0 1.5 -1 -1 -1.57022273755 -0.593705087797
counter is 77	counter is 77
1510	10 1 0 1.5 -1 1 -2.27932551502 -0.972265087797
counter is 78	counter is 78
267	10 1 0 1.5 1 -1 -1.9783436181 -0.623446372921
counter is 79	counter is 79
124	10 1 0 1.5 1 1 -1.18700957389 -0.599218836797
counter is 80	counter is 80
50	10 1 1.0 -1.5 -1 -1 -0.583949354279 -0.348558646291
counter is 81	counter is 81
169	10 1 1.0 -1.5 -1 1 -1.05095319011 -0.348420062708
counter is 82	counter is 82
1709	10 1 1.0 -1.5 1 -1 -1.83528218278 -0.674995087797
counter is 83	counter is 83
1587	10 1 1.0 -1.5 1 1 -0.861064910255 -0.284735087797
counter is 84	counter is 84
111	10 1 1.0 -1 -1 -1 0.0943906811848 -0.344208379462
counter is 85	counter is 85
282	10 1 1.0 -1 -1 1 -0.899528732734 -0.317830062708
counter is 86	counter is 86
1648	10 1 1.0 -1 1 -1 -1.87214871544 -0.689375087797
counter is 87	counter is 87
1474	10 1 1.0 -1 1 1 -0.912204831107 -0.315325087797
counter is 88	counter is 88
305	10 1 1.0 0 -1 -1 -0.37415565181 -0.355812982041
counter is 89	counter is 89
557	10 1 1.0 0 -1 1 -1.16875301683 -0.428441768108
counter is 90	counter is 90
1454	10 1 1.0 0 1 -1 -1.89190034077 -0.696255087797
counter is 91	counter is 91
1199	10 1 1.0 0 1 1 -0.87142086362 -0.342965087797
counter is 92	counter is 92
843	10 1 1.0 1 -1 -1 -0.0342574520701 -0.418335532941
counter is 93	counter is 93
1135	10 1 1.0 1 -1 1 -0.79920767295 -0.240025532941
counter is 94	counter is 94
916	10 1 1.0 1 1 -1 -2.02056985681 -0.73785721946
counter is 95	counter is 95
621	10 1 1.0 1 1 1 -1.96862732781 -0.51523721946
counter is 96	counter is 96
1349	10 1 1.0 1.5 -1 -1 -1.86378628915 -0.657265087797
counter is 97	counter is 97
1562	10 1 1.0 1.5 -1 1 -0.922053288948 -0.298045087797
counter is 98	counter is 98
410	10 1 1.0 1.5 1 -1 -1.90829029136 -0.625496372921
counter is 99	counter is 99
194	10 1 1.0 1.5 1 1 -0.55360064902 -0.583786372921
counter is 100	counter is 100
38	10 1 1.3 -1.5 -1 -1 -2.0099947138 -0.424599744012
counter is 101	counter is 101
122	10 1 1.3 -1.5 -1 1 -1.30948250267 -0.359538646291
counter is 102	counter is 102
1550	10 1 1.3 -1.5 1 -1 -0.634545165175 -0.259585087797
counter is 103	counter is 103
1464	10 1 1.3 -1.5 1 1 -1.51426462174 -0.559025087797
counter is 104	counter is 104
94	10 1 1.3 -1 -1 -1 -0.314031035175 -0.335881748612
counter is 105	counter is 105
207	10 1 1.3 -1 -1 1 -1.37531444708 -0.383948379462
counter is 106	counter is 106
1494	10 1 1.3 -1 1 -1 -0.698985038298 -0.280045087797
counter is 107	counter is 107
1379	10 1 1.3 -1 1 1 -1.48354379069 -0.544645087797
counter is 108	counter is 108
266	10 1 1.3 0 -1 -1 -0.915820899341 -0.488401768108
counter is 109	counter is 109
435	10 1 1.3 0 -1 1 -1.47700531816 -0.512741768108
counter is 110	counter is 110
1322	10 1 1.3 0 1 -1 -0.697182609537 -0.279445087797
counter is 111	counter is 111
1151	10 1 1.3 0 1 1 -1.53124676297 -0.554605087797
counter is 112	counter is 112
718	10 1 1.3 1 -1 -1 -0.569337486754 -0.460765532941
counter is 113	counter is 113
922	10 1 1.3 1 -1 1 -1.47489071386 -0.523465532941
counter is 114	counter is 114
870	10 1 1.3 1 1 -1 -0.746086927282 -0.29093721946
counter is 115	counter is 115
664	10 1 1.3 1 1 1 -1.52423580518 -0.52774721946
counter is 116	counter is 116
1178	10 1 1.3 1.5 -1 -1 -0.912746087938 -0.408295087797
counter is 117	counter is 117
1393	10 1 1.3 1.5 -1 1 -1.57328642243 -0.584395087797
counter is 118	counter is 118
410	10 1 1.3 1.5 1 -1 -1.21015552164 -0.469986372921
counter is 119	counter is 119
193	10 1 1.3 1.5 1 1 -0.913898483856 -0.587988836797
counter is 120	counter is 120
28	10 1 1.5 -1.5 -1 -1 -1.55033485766 -0.421599744012
counter is 121	counter is 121
95	10 1 1.5 -1.5 -1 1 -1.83689217552 -0.372228646291
counter is 122	counter is 122
1355	10 1 1.5 -1.5 1 -1 -0.615789301505 -0.270625087797
counter is 123	counter is 123
1287	10 1 1.5 -1.5 1 1 -0.880944381577 -0.346075087797
counter is 124	counter is 124
70	10 1 1.5 -1 -1 -1 -0.428644064315 -0.339651748612
counter is 125	counter is 125
158	10 1 1.5 -1 -1 1 -1.30794262316 -0.376828379462
counter is 126	counter is 126
1313	10 1 1.5 -1 1 -1 -0.660853379423 -0.284315087797
counter is 127	counter is 127
1224	10 1 1.5 -1 1 1 -0.878466255949 -0.351505087797
counter is 128	counter is 128
216	10 1 1.5 0 -1 -1 -0.178426871422 -0.338667880966
counter is 129	counter is 129
352	10 1 1.5 0 -1 1 -0.991960849052 -0.451961768108
counter is 130	counter is 130
1167	10 1 1.5 0 1 -1 -0.706300352308 -0.298095087797
counter is 131	counter is 131
1030	10 1 1.5 0 1 1 -1.0945630108 -0.415125087797
counter is 132	counter is 132
599	10 1 1.5 1 -1 -1 -0.571478341499 -0.464605532941
counter is 133	counter is 133
746	10 1 1.5 1 -1 1 -0.979785410068 -0.421195532941
counter is 134	counter is 134
784	10 1 1.5 1 1 -1 -0.710751580777 -0.29513721946
counter is 135	counter is 135
636	10 1 1.5 1 1 1 -1.13977831745 -0.42975721946
counter is 136	counter is 136
993	10 1 1.5 1.5 -1 -1 -2.00001105392 -0.547825087797
counter is 137	counter is 137
1191	10 1 1.5 1.5 -1 1 -1.03700817592 -0.393225087797
counter is 138	counter is 138
390	10 1 1.5 1.5 1 -1 -0.81164589603 -0.338486372921
counter is 139	counter is 139
191	10 1 1.5 1.5 1 1 -0.907326913235 -0.578898836797
counter is 140	counter is 140
96	10 5 -1.5 -1.5 -1 -1 -0.0948038764363 -0.335972982041
counter is 141	counter is 141
328	10 5 -1.5 -1.5 -1 1 0.357697631411 0.749507017959
counter is 142	counter is 142
1022	10 5 -1.5 -1.5 1 -1 -0.641597318147 0.0963649122034
counter is 143	counter is 143
790	10 5 -1.5 -1.5 1 1 -1.30244002817 -0.481605087797
counter is 144	counter is 144
280	10 5 -1.5 -1 -1 -1 -0.202886336373 0.308144599693
counter is 145	counter is 145
491	10 5 -1.5 -1 -1 1 0.241244275389 0.719994599693
counter is 146	counter is 146
838	10 5 -1.5 -1 1 -1 -1.50004750697 -0.591605087797
counter is 147	counter is 147
627	10 5 -1.5 -1 1 1 -1.38256979096 -0.495945087797
counter is 148	counter is 148
592	10 5 -1.5 0 -1 -1 -0.278223350933 0.367921413892
counter is 149	counter is 149
700	10 5 -1.5 0 -1 1 0.0432596347036 0.64475462582
counter is 150	counter is 150
526	10 5 -1.5 0 1 -1 -1.86043164932 -0.641715087797
counter is 151	counter is 151
418	10 5 -1.5 0 1 1 -1.44397510943 -0.503025087797
counter is 152	counter is 152
877	10 5 -1.5 1 -1 -1 -0.646805905305 0.0923044670588
counter is 153	counter is 153
923	10 5 -1.5 1 -1 1 0.0458466193984 0.650784467059
counter is 154	counter is 154
241	10 5 -1.5 1 1 -1 -0.927663227613 -0.450875087797
counter is 155	counter is 155
195	10 5 -1.5 1 1 1 -1.43777156352 -0.501835087797
counter is 156	counter is 156
1021	10 5 -1.5 1.5 -1 -1 -0.583424041701 0.156014912203
counter is 157	counter is 157
1057	10 5 -1.5 1.5 -1 1 0.0323825107073 0.645114912203
counter is 158	counter is 158
97	10 5 -1.5 1.5 1 -1 -2.15311281662 -0.604650296105
counter is 159	counter is 159
61	10 5 -1.5 1.5 1 1 -1.63731164151 -0.596754218652
counter is 160	counter is 160
98	10 5 -1.3 -1.5 -1 -1 -0.279802501004 -0.342252982041
counter is 161	counter is 161
355	10 5 -1.3 -1.5 -1 1 0.444940020311 0.684807017959
counter is 162	counter is 162
1241	10 5 -1.3 -1.5 1 -1 -0.805003152831 -0.0560350877966
counter is 163	counter is 163
984	10 5 -1.3 -1.5 1 1 -0.702333920912 -0.172485087797
counter is 164	counter is 164
286	10 5 -1.3 -1 -1 -1 0.502948883868 0.483784599693
counter is 165	counter is 165
548	10 5 -1.3 -1 -1 1 0.457066969679 0.906957587796
counter is 166	counter is 166
1053	10 5 -1.3 -1 1 -1 -1.91382685076 -0.925935087797
counter is 167	counter is 167
791	10 5 -1.3 -1 1 1 -0.849856165226 -0.416055087797
counter is 168	counter is 168
666	10 5 -1.3 0 -1 -1 -0.316963224683 0.309571413892
counter is 169	counter is 169
810	10 5 -1.3 0 -1 1 0.250116542611 0.86705462582
counter is 170	counter is 170
673	10 5 -1.3 0 1 -1 -1.97921528475 -0.742045087797
counter is 171	counter is 171
529	10 5 -1.3 0 1 1 -1.25056913196 -0.480915087797
counter is 172	counter is 172
1039	10 5 -1.3 1 -1 -1 -0.836443335405 -0.0864255329412
counter is 173	counter is 173
1094	10 5 -1.3 1 -1 1 0.239020390784 0.869904467059
counter is 174	counter is 174
300	10 5 -1.3 1 1 -1 -0.783415653551 -0.430825087797
counter is 175	counter is 175
245	10 5 -1.3 1 1 1 -1.07733689213 -0.476535087797
counter is 176	counter is 176
1198	10 5 -1.3 1.5 -1 -1 -0.790591273508 -0.0417250877966
counter is 177	counter is 177
1260	10 5 -1.3 1.5 -1 1 0.248044757251 0.886044912203
counter is 178	counter is 178
141	10 5 -1.3 1.5 1 -1 -1.14945474029 -0.565590296105
counter is 179	counter is 179
79	10 5 -1.3 1.5 1 1 -1.53759501904 -0.593264218652
counter is 180	counter is 180
85	10 5 -1.0 -1.5 -1 -1 -0.455860228875 -0.361552982041
counter is 181	counter is 181
361	10 5 -1.0 -1.5 -1 1 -0.15185581005 0.213061620538
counter is 182	counter is 182
1431	10 5 -1.0 -1.5 1 -1 -0.844318719203 -0.0965450877966
counter is 183	counter is 183
1158	10 5 -1.0 -1.5 1 1 -0.24674559215 0.166714912203
counter is 184	counter is 184
241	10 5 -1.0 -1 -1 -1 -0.334306774854 -0.321115400307
counter is 185	counter is 185
576	10 5 -1.0 -1 -1 1 0.34444677827 0.850634599693
counter is 186	counter is 186
1275	10 5 -1.0 -1 1 -1 -0.920077904127 -0.180835087797
counter is 187	counter is 187
943	10 5 -1.0 -1 1 1 -1.57512990398 -0.533195087797
counter is 188	counter is 188
687	10 5 -1.0 0 -1 -1 -0.229762528983 0.358143920224
counter is 189	counter is 189
895	10 5 -1.0 0 -1 1 0.185824764894 0.84777462582
counter is 190	counter is 190
829	10 5 -1.0 0 1 -1 -2.18934695528 -0.870015087797
counter is 191	counter is 191
624	10 5 -1.0 0 1 1 -2.14656168087 -0.612655087797
counter is 192	counter is 192
1126	10 5 -1.0 1 -1 -1 -0.853979345513 -0.109015532941
counter is 193	counter is 193
1230	10 5 -1.0 1 -1 1 0.0859150178345 0.772324467059
counter is 194	counter is 194
390	10 5 -1.0 1 1 -1 -1.14745080404 -0.468045087797
counter is 195	counter is 195
289	10 5 -1.0 1 1 1 -1.71470638864 -0.529975087797
counter is 196	counter is 196
1352	10 5 -1.0 1.5 -1 -1 -0.832603350343 -0.0878250877966
counter is 197	counter is 197
1428	10 5 -1.0 1.5 -1 1 0.0414725905925 0.744144912203
counter is 198	counter is 198
164	10 5 -1.0 1.5 1 -1 -1.58550397481 -0.595182460691
counter is 199	counter is 199
91	10 5 -1.0 1.5 1 1 -1.8049301897 -0.602384218652
counter is 200	counter is 200
52	10 5 0 -1.5 -1 -1 -0.0315240413334 -0.331881748612
counter is 201	counter is 201
283	10 5 0 -1.5 -1 1 -1.31406388651 -0.437172982041
counter is 202	counter is 202
1579	10 5 0 -1.5 1 -1 -1.39032493328 -1.0104650878
counter is 203	counter is 203
1351	10 5 0 -1.5 1 1 -0.817937135672 0.0163649122034
counter is 204	counter is 204
139	10 5 0 -1 -1 -1 -0.0539182263575 -0.364565400307
counter is 205	counter is 205
423	10 5 0 -1 -1 1 -0.82759811532 -0.226152412204
counter is 206	counter is 206
1492	10 5 0 -1 1 -1 -1.40438009489 -1.0532850878
counter is 207	counter is 207
1211	10 5 0 -1 1 1 -0.982310691333 -0.216075087797
counter is 208	counter is 208
411	10 5 0 0 -1 -1 -0.530636301342 -0.332656079776
counter is 209	counter is 209
824	10 5 0 0 -1 1 -0.934907831895 -0.13172537418
counter is 210	counter is 210
1220	10 5 0 0 1 -1 -1.42005559134 -1.0951150878
counter is 211	counter is 211
810	10 5 0 0 1 1 -0.931446724686 -0.415255087797
counter is 212	counter is 212
1004	10 5 0 1 -1 -1 -1.63798264654 -1.31453553294
counter is 213	counter is 213
1213	10 5 0 1 -1 1 -0.9233098559 -0.129225532941
counter is 214	counter is 214
627	10 5 0 1 1 -1 -0.755521214033 -0.178425087797
counter is 215	counter is 215
421	10 5 0 1 1 1 -0.515096886888 -0.410535087797
counter is 216	counter is 216
1364	10 5 0 1.5 -1 -1 -1.36625010878 -0.869265087797
counter is 217	counter is 217
1510	10 5 0 1.5 -1 1 -0.865490491801 -0.0476250877966
counter is 218	counter is 218
267	10 5 0 1.5 1 -1 -2.34521491277 -0.729652460691
counter is 219	counter is 219
124	10 5 0 1.5 1 1 -1.64910902489 -0.592724218652
counter is 220	counter is 220
50	10 5 1.0 -1.5 -1 -1 0.0352563307824 -0.354302982041
counter is 221	counter is 221
169	10 5 1.0 -1.5 -1 1 -1.00511296296 -0.351315880661
counter is 222	counter is 222
1709	10 5 1.0 -1.5 1 -1 -0.695032444763 0.211234912203
counter is 223	counter is 223
1587	10 5 1.0 -1.5 1 1 -0.0853948183329 0.884114912203
counter is 224	counter is 224
111	10 5 1.0 -1 -1 -1 -0.426931422243 -0.390745400307
counter is 225	counter is 225
282	10 5 1.0 -1 -1 1 -0.796691142842 -0.274215880661
counter is 226	counter is 226
1648	10 5 1.0 -1 1 -1 -0.697548319933 0.203824912203
counter is 227	counter is 227
1474	10 5 1.0 -1 1 1 -0.114423406714 0.807024912203
counter is 228	counter is 228
305	10 5 1.0 0 -1 -1 -0.307514067891 -0.347216079776
counter is 229	counter is 229
557	10 5 1.0 0 -1 1 -0.825888600234 -0.13832537418
counter is 230	counter is 230
1454	10 5 1.0 0 1 -1 -0.739611248281 0.150374912203
counter is 231	counter is 231
1199	10 5 1.0 0 1 1 -0.118835718842 0.555704912203
counter is 232	counter is 232
843	10 5 1.0 1 -1 -1 -1.13952500281 -0.451435532941
counter is 233	counter is 233
1135	10 5 1.0 1 -1 1 -0.102856216185 0.929414467059
counter is 234	counter is 234
916	10 5 1.0 1 1 -1 -0.697860715666 0.189414912203
counter is 235	counter is 235
621	10 5 1.0 1 1 1 -1.44410377481 -0.504815087797
counter is 236	counter is 236
1349	10 5 1.0 1.5 -1 -1 -0.416898272478 0.349804912203
counter is 237	counter is 237
1562	10 5 1.0 1.5 -1 1 -0.132638272026 0.948864912203
counter is 238	counter is 238
410	10 5 1.0 1.5 1 -1 -1.9891788335 -0.717782460691
counter is 239	counter is 239
194	10 5 1.0 1.5 1 1 -2.19326060812 -0.630222460691
counter is 240	counter is 240
38	10 5 1.3 -1.5 -1 -1 -0.656079552276 -0.420453190013
counter is 241	counter is 241
122	10 5 1.3 -1.5 -1 1 -1.03202816298 -0.374062982041
counter is 242	counter is 242
1550	10 5 1.3 -1.5 1 -1 -0.655625156572 0.103664912203
counter is 243	counter is 243
1464	10 5 1.3 -1.5 1 1 -0.593853866943 0.221434912203
counter is 244	counter is 244
94	10 5 1.3 -1 -1 -1 -0.237924030143 -0.368472412204
counter is 245	counter is 245
207	10 5 1.3 -1 -1 1 -0.849904289489 -0.348415400307
counter is 246	counter is 246
1494	10 5 1.3 -1 1 -1 -0.678605189907 0.0791849122034
counter is 247	counter is 247
1379	10 5 1.3 -1 1 1 -0.657454239071 0.151934912203
counter is 248	counter is 248
266	10 5 1.3 0 -1 -1 -0.556619026614 -0.44232537418
counter is 249	counter is 249
435	10 5 1.3 0 -1 1 -1.17325798481 -0.42720537418
counter is 250	counter is 250
1322	10 5 1.3 0 1 -1 -0.715290091288 0.0482849122034
counter is 251	counter is 251
1151	10 5 1.3 0 1 1 -0.608308877866 0.148394912203
counter is 252	counter is 252
718	10 5 1.3 1 -1 -1 -1.36910793498 -0.493815532941
counter is 253	counter is 253
922	10 5 1.3 1 -1 1 -0.586282917806 -0.0180455329412
counter is 254	counter is 254
870	10 5 1.3 1 1 -1 -0.644025204714 0.106994912203
counter is 255	counter is 255
664	10 5 1.3 1 1 1 -0.959166605176 -0.253535087797
counter is 256	counter is 256
1178	10 5 1.3 1.5 -1 -1 -0.412890319205 -0.0469150877966
counter is 257	counter is 257
1393	10 5 1.3 1.5 -1 1 -0.577717044718 0.247214912203
counter is 258	counter is 258
410	10 5 1.3 1.5 1 -1 -1.46990188298 -0.445862460691
counter is 259	counter is 259
193	10 5 1.3 1.5 1 1 -2.08456148215 -0.619384218652
counter is 260	counter is 260
28	10 5 1.5 -1.5 -1 -1 -0.942731520953 -0.429533190013
counter is 261	counter is 261
95	10 5 1.5 -1.5 -1 1 -1.13991187025 -0.379752982041
counter is 262	counter is 262
1355	10 5 1.5 -1.5 1 -1 -0.651434405662 0.0645549122034
counter is 263	counter is 263
1287	10 5 1.5 -1.5 1 1 -0.24411698316 0.371264912203
counter is 264	counter is 264
70	10 5 1.5 -1 -1 -1 -0.491176882652 -0.382782412204
counter is 265	counter is 265
158	10 5 1.5 -1 -1 1 -0.797447285723 -0.343925400307
counter is 266	counter is 266
1313	10 5 1.5 -1 1 -1 -0.671013253856 0.0453049122034
counter is 267	counter is 267
1224	10 5 1.5 -1 1 1 -0.334018040791 0.291584912203
counter is 268	counter is 268
216	10 5 1.5 0 -1 -1 0.178393916933 -0.331308586108
counter is 269	counter is 269
352	10 5 1.5 0 -1 1 -1.01229309545 -0.39458537418
counter is 270	counter is 270
1167	10 5 1.5 0 1 -1 -0.742436422061 -0.0189350877966
counter is 271	counter is 271
1030	10 5 1.5 0 1 1 -0.32103341508 0.259924912203
counter is 272	counter is 272
599	10 5 1.5 1 -1 -1 -1.12835935527 -0.466225532941
counter is 273	counter is 273
746	10 5 1.5 1 -1 1 -0.62721729106 -0.149465532941
counter is 274	counter is 274
784	10 5 1.5 1 1 -1 -0.681554703259 0.0312149122034
counter is 275	counter is 275
636	10 5 1.5 1 1 1 -0.466683885796 0.0220249122034
counter is 276	counter is 276
993	10 5 1.5 1.5 -1 -1 -1.10116851402 -0.443345087797
counter is 277	counter is 277
1191	10 5 1.5 1.5 -1 1 -0.162793102668 0.423414912203
counter is 278	counter is 278
390	10 5 1.5 1.5 1 -1 -1.02897019074 -0.0976224606906
counter is 279	counter is 279
191	10 5 1.5 1.5 1 1 -2.54603010755 -0.651444218652
counter is 280	counter is 280
96	10 10 -1.5 -1.5 -1 -1 -1.45120534084 -0.445314928842
counter is 281	counter is 281
328	10 10 -1.5 -1.5 -1 1 -0.241507533499 0.878355071158
counter is 282	counter is 282
1022	10 10 -1.5 -1.5 1 -1 -0.79825348208 0.102764912203
counter is 283	counter is 283
790	10 10 -1.5 -1.5 1 1 -1.48172676041 -0.524695087797
counter is 284	counter is 284
280	10 10 -1.5 -1 -1 -1 -0.843447794649 -0.0706419802549
counter is 285	counter is 285
491	10 10 -1.5 -1 -1 1 -0.29294727463 0.897938019745
counter is 286	counter is 286
838	10 10 -1.5 -1 1 -1 -1.04464522026 -0.297635087797
counter is 287	counter is 287
627	10 10 -1.5 -1 1 1 -1.74230149938 -0.570005087797
counter is 288	counter is 288
592	10 10 -1.5 0 -1 -1 -0.595368980573 0.387597578699
counter is 289	counter is 289
700	10 10 -1.5 0 -1 1 -0.404542995828 0.82211462582
counter is 290	counter is 290
526	10 10 -1.5 0 1 -1 -1.81350811498 -0.756365087797
counter is 291	counter is 291
418	10 10 -1.5 0 1 1 -1.68341686814 -0.540145087797
counter is 292	counter is 292
877	10 10 -1.5 1 -1 -1 -0.714458009647 0.268714467059
counter is 293	counter is 293
923	10 10 -1.5 1 -1 1 -0.410879749413 0.801504467059
counter is 294	counter is 294
241	10 10 -1.5 1 1 -1 -2.08382394053 -0.675745087797
counter is 295	counter is 295
195	10 10 -1.5 1 1 1 -1.56231732903 -0.512315087797
counter is 296	counter is 296
1021	10 10 -1.5 1.5 -1 -1 -0.8029140609 0.0944149122034
counter is 297	counter is 297
1057	10 10 -1.5 1.5 -1 1 -0.416903839564 0.790614912203
counter is 298	counter is 298
97	10 10 -1.5 1.5 1 -1 -1.81665443466 -0.607392460691
counter is 299	counter is 299
61	10 10 -1.5 1.5 1 1 -1.80058714176 -0.602014218652
counter is 300	counter is 300
98	10 10 -1.3 -1.5 -1 -1 -1.31620158399 -0.436314928842
counter is 301	counter is 301
355	10 10 -1.3 -1.5 -1 1 -0.441891105096 0.506455071158
counter is 302	counter is 302
1241	10 10 -1.3 -1.5 1 -1 -0.651689587669 0.451574912203
counter is 303	counter is 303
984	10 10 -1.3 -1.5 1 1 -0.374399457756 0.222504912203
counter is 304	counter is 304
286	10 10 -1.3 -1 -1 -1 -0.401433322288 0.351108019745
counter is 305	counter is 305
548	10 10 -1.3 -1 -1 1 -0.208046079397 1.11589183772
counter is 306	counter is 306
1053	10 10 -1.3 -1 1 -1 -1.08878475669 -0.361585087797
counter is 307	counter is 307
791	10 10 -1.3 -1 1 1 -1.01348088141 -0.407235087797
counter is 308	counter is 308
666	10 10 -1.3 0 -1 -1 -0.42812117485 0.751737578699
counter is 309	counter is 309
810	10 10 -1.3 0 -1 1 -0.304462056793 1.10868462582
counter is 310	counter is 310
673	10 10 -1.3 0 1 -1 -1.69379314298 -0.762705087797
counter is 311	counter is 311
529	10 10 -1.3 0 1 1 -1.1347521415 -0.451405087797
counter is 312	counter is 312
1039	10 10 -1.3 1 -1 -1 -0.579109557409 0.617624467059
counter is 313	counter is 313
1094	10 10 -1.3 1 -1 1 -0.289143159745 1.14062446706
counter is 314	counter is 314
300	10 10 -1.3 1 1 -1 -1.98339615406 -0.666845087797
counter is 315	counter is 315
245	10 10 -1.3 1 1 1 -1.17034021014 -0.476125087797
counter is 316	counter is 316
1198	10 10 -1.3 1.5 -1 -1 -0.661242194705 0.429434912203
counter is 317	counter is 317
1260	10 10 -1.3 1.5 -1 1 -0.285910870409 1.1514249122
counter is 318	counter is 318
141	10 10 -1.3 1.5 1 -1 -1.48990179531 -0.584602460691
counter is 319	counter is 319
79	10 10 -1.3 1.5 1 1 -1.47932082343 -0.587514218652
counter is 320	counter is 320
85	10 10 -1.0 -1.5 -1 -1 -2.11516716683 -0.470874928842
counter is 321	counter is 321
361	10 10 -1.0 -1.5 -1 1 -0.599594044727 0.199843920224
counter is 322	counter is 322
1431	10 10 -1.0 -1.5 1 -1 -0.523678094703 0.741284912203
counter is 323	counter is 323
1158	10 10 -1.0 -1.5 1 1 -0.439379880205 0.334724912203
counter is 324	counter is 324
241	10 10 -1.0 -1 -1 -1 -1.33901733863 -0.456781980255
counter is 325	counter is 325
576	10 10 -1.0 -1 -1 1 -0.268905839392 0.962778019745
counter is 326	counter is 326
1275	10 10 -1.0 -1 1 -1 -0.523352063533 0.701464912203
counter is 327	counter is 327
943	10 10 -1.0 -1 1 1 -1.23348086509 -0.454635087797
counter is 328	counter is 328
687	10 10 -1.0 0 -1 -1 -0.22091690212 1.00411781626
counter is 329	counter is 329
895	10 10 -1.0 0 -1 1 -0.345292793464 1.00067462582
counter is 330	counter is 330
829	10 10 -1.0 0 1 -1 -1.6146213787 -0.780155087797
counter is 331	counter is 331
624	10 10 -1.0 0 1 1 -1.57821415004 -0.538495087797
counter is 332	counter is 332
1126	10 10 -1.0 1 -1 -1 -0.452884402195 0.871424467059
counter is 333	counter is 333
1230	10 10 -1.0 1 -1 1 -0.363279979584 0.975814467059
counter is 334	counter is 334
390	10 10 -1.0 1 1 -1 -1.92033988177 -0.665495087797
counter is 335	counter is 335
289	10 10 -1.0 1 1 1 -1.46267008124 -0.506415087797
counter is 336	counter is 336
1352	10 10 -1.0 1.5 -1 -1 -0.54352369065 0.688414912203
counter is 337	counter is 337
1428	10 10 -1.0 1.5 -1 1 -0.369701965588 0.978054912203
counter is 338	counter is 338
164	10 10 -1.0 1.5 1 -1 -1.59549623764 -0.588432460691
counter is 339	counter is 339
91	10 10 -1.0 1.5 1 1 -1.95165416926 -0.609244218652
counter is 340	counter is 340
52	10 10 0 -1.5 -1 -1 -0.668735786391 -0.409885400307
counter is 341	counter is 341
283	10 10 0 -1.5 -1 1 -0.747634773436 -0.126134928842
counter is 342	counter is 342
1579	10 10 0 -1.5 1 -1 -0.5314507089 0.956354912203
counter is 343	counter is 343
1351	10 10 0 -1.5 1 1 -0.651602286931 0.516534912203
counter is 344	counter is 344
139	10 10 0 -1 -1 -1 -0.405700623087 -0.399821980255
counter is 345	counter is 345
423	10 10 0 -1 -1 1 -0.526465249754 0.138961837715
counter is 346	counter is 346
1492	10 10 0 -1 1 -1 -0.544230104262 0.909934912203
counter is 347	counter is 347
1211	10 10 0 -1 1 1 -0.760469842286 0.231124912203
counter is 348	counter is 348
411	10 10 0 0 -1 -1 -0.857414080305 -0.380112183736
counter is 349	counter is 349
824	10 10 0 0 -1 1 -0.646686541117 0.61028462582
counter is 350	counter is 350
1220	10 10 0 0 1 -1 -0.552276384254 0.869504912203
counter is 351	counter is 351
810	10 10 0 0 1 1 -0.658922005511 -0.291575087797
counter is 352	counter is 352
1004	10 10 0 1 -1 -1 -0.718963050185 0.318184467059
counter is 353	counter is 353
1213	10 10 0 1 -1 1 -0.610400588762 0.692574467059
counter is 354	counter is 354
627	10 10 0 1 1 -1 -0.619453393813 0.153184912203
counter is 355	counter is 355
421	10 10 0 1 1 1 -0.640062596822 -0.366645087797
counter is 356	counter is 356
1364	10 10 0 1.5 -1 -1 -0.537177157457 0.869974912203
counter is 357	counter is 357
1510	10 10 0 1.5 -1 1 -0.568306267147 0.836054912203
counter is 358	counter is 358
267	10 10 0 1.5 1 -1 -1.49842246092 -0.504562460691
counter is 359	counter is 359
124	10 10 0 1.5 1 1 -1.90340447537 -0.610714218652
counter is 360	counter is 360
50	10 10 1.0 -1.5 -1 -1 -0.518095299027 -0.410294928842
counter is 361	counter is 361
169	10 10 1.0 -1.5 -1 1 -1.34042923089 -0.451571010441
counter is 361	counter is 362
169	10 10 1.0 -1.5 1 -1 -0.14853443238 1.7081749122
counter is 362	counter is 363
1709	10 10 1.0 -1.5 1 1 -0.148287162027 1.4672349122
counter is 363	counter is 364
1587	10 10 1.0 -1 -1 -1 -0.56918042898 -0.415841980255
counter is 364	counter is 365
111	10 10 1.0 -1 -1 1 -1.01472534828 -0.336421010441
counter is 365	counter is 366
282	10 10 1.0 -1 1 -1 -0.146868608386 1.6879949122
counter is 366	counter is 367
1648	10 10 1.0 -1 1 1 -0.189923748797 1.3520749122
counter is 367	counter is 368
1474	10 10 1.0 0 -1 -1 -1.11512334901 -0.441132183736
counter is 368	counter is 369
305	10 10 1.0 0 -1 1 -0.654016160756 0.0390146258202
counter is 369	counter is 370
557	10 10 1.0 0 1 -1 -0.15055678349 1.6925649122
counter is 370	counter is 371
1454	10 10 1.0 0 1 1 -0.282793289421 0.916124912203
counter is 371	counter is 372
1199	10 10 1.0 1 -1 -1 -0.851862314981 -0.343275532941
counter is 372	counter is 373
843	10 10 1.0 1 -1 1 -0.177830197247 1.41116446706
counter is 373	counter is 374
1135	10 10 1.0 1 1 -1 -0.153502661932 1.5766849122
counter is 374	counter is 375
916	10 10 1.0 1 1 1 -1.17828796166 -0.448795087797
counter is 375	counter is 376
621	10 10 1.0 1.5 -1 -1 -0.204920801438 1.0020549122
counter is 376	counter is 377
1349	10 10 1.0 1.5 -1 1 -0.18242288379 1.4673649122
counter is 377	counter is 378
1562	10 10 1.0 1.5 1 -1 -0.768940944629 0.125397539309
counter is 378	counter is 379
410	10 10 1.0 1.5 1 1 -1.86498432567 -0.610952460691
counter is 379	counter is 380
194	10 10 1.3 -1.5 -1 -1 -0.695733589097 -0.338137804011
counter is 380	counter is 381
38	10 10 1.3 -1.5 -1 1 -1.34642737868 -0.438454928842
counter is 381	counter is 382
122	10 10 1.3 -1.5 1 -1 -0.0931823230532 1.3596449122
counter is 382	counter is 383
1550	10 10 1.3 -1.5 1 1 -0.574436408935 0.491524912203
counter is 383	counter is 384
1464	10 10 1.3 -1 -1 -1 -0.300584120314 -0.402268162285
counter is 384	counter is 385
94	10 10 1.3 -1 -1 1 -0.68157810656 -0.314111980255
counter is 385	counter is 386
207	10 10 1.3 -1 1 -1 -0.112491435897 1.3166749122
counter is 386	counter is 387
1494	10 10 1.3 -1 1 1 -0.662149870097 0.341454912203
counter is 387	counter is 388
1379	10 10 1.3 0 -1 -1 -1.16729564323 -0.47544537418
counter is 388	counter is 389
266	10 10 1.3 0 -1 1 -0.810613890142 -0.24978537418
counter is 389	counter is 390
435	10 10 1.3 0 1 -1 -0.105163505737 1.3384649122
counter is 390	counter is 391
1322	10 10 1.3 0 1 1 -0.707854302624 0.231154912203
counter is 391	counter is 392
1151	10 10 1.3 1 -1 -1 -1.20324284271 -0.454305532941
counter is 392	counter is 393
718	10 10 1.3 1 -1 1 -0.801409265845 -0.0491155329412
counter is 393	counter is 394
922	10 10 1.3 1 1 -1 -0.0909381908023 1.3245449122
counter is 394	counter is 395
870	10 10 1.3 1 1 1 -0.741560703394 0.0377049122034
counter is 395	counter is 396
664	10 10 1.3 1.5 -1 -1 -0.367344874366 0.202864912203
counter is 396	counter is 397
1178	10 10 1.3 1.5 -1 1 -0.586576093982 0.463554912203
counter is 397	counter is 398
1393	10 10 1.3 1.5 1 -1 -0.603545189734 0.561417539309
counter is 398	counter is 399
410	10 10 1.3 1.5 1 1 -1.51536139565 -0.575544218652
counter is 399	counter is 400
193	10 10 1.5 -1.5 -1 -1 -0.786752537648 -0.343847804011
counter is 400	counter is 401
28	10 10 1.5 -1.5 -1 1 -0.757437337221 -0.401334928842
counter is 401	counter is 402
95	10 10 1.5 -1.5 1 -1 0.0221199293038 1.3594649122
counter is 402	counter is 403
1355	10 10 1.5 -1.5 1 1 -0.261069956553 0.798474912203
counter is 403	counter is 404
1287	10 10 1.5 -1 -1 -1 -0.421280257981 -0.417348162285
counter is 404	counter is 405
70	10 10 1.5 -1 -1 1 -0.266301580907 -0.240421980255
counter is 405	counter is 406
158	10 10 1.5 -1 1 -1 0.00763284238473 1.3258649122
counter is 406	counter is 407
1313	10 10 1.5 -1 1 1 -0.398575014955 0.611834912203
counter is 407	counter is 408
1224	10 10 1.5 0 -1 -1 -0.743749346453 -0.399032421301
counter is 408	counter is 409
216	10 10 1.5 0 -1 1 -0.733753192716 -0.26348537418
counter is 409	counter is 410
352	10 10 1.5 0 1 -1 -0.0118741573512 1.3016349122
counter is 410	counter is 411
1167	10 10 1.5 0 1 1 -0.371977570175 0.588934912203
counter is 411	counter is 412
1030	10 10 1.5 1 -1 -1 -1.01505378258 -0.425625532941
counter is 412	counter is 413
599	10 10 1.5 1 -1 1 -0.933817222755 -0.232345532941
counter is 413	counter is 414
746	10 10 1.5 1 1 -1 -0.00202662771467 1.2899749122
counter is 414	counter is 415
784	10 10 1.5 1 1 1 -0.14183405372 0.565004912203
counter is 415	counter is 416
636	10 10 1.5 1.5 -1 -1 -0.994364216882 -0.385005087797
counter is 416	counter is 417
993	10 10 1.5 1.5 -1 1 -0.258366804874 0.780064912203
counter is 417	counter is 418
1191	10 10 1.5 1.5 1 -1 -0.24632354311 1.14339753931
counter is 418	counter is 419
390	10 10 1.5 1.5 1 1 -1.27500820632 -0.547984218652
counter is 419	counter is 420
191	10 20 -1.5 -1.5 -1 -1 -0.730133303598 -0.421409364057
counter is 420	counter is 421
96	10 20 -1.5 -1.5 -1 1 -0.402222967761 2.64340063594
counter is 421	counter is 422
328	10 20 -1.5 -1.5 1 -1 -0.45159437863 2.3865949122
counter is 422	counter is 423
1022	10 20 -1.5 -1.5 1 1 -0.535904378303 -0.142355087797
counter is 423	counter is 424
790	10 20 -1.5 -1 -1 -1 -0.495654224028 1.22994295478
counter is 424	counter is 425
280	10 20 -1.5 -1 -1 1 -0.42997101752 2.76972295478
counter is 425	counter is 426
491	10 20 -1.5 -1 1 -1 -0.475375898582 0.726094912203
counter is 426	counter is 427
838	10 20 -1.5 -1 1 1 -0.731943745345 -0.277825087797
counter is 427	counter is 428
627	10 20 -1.5 0 -1 -1 -0.481809763611 1.97961095325
counter is 428	counter is 429
592	10 20 -1.5 0 -1 1 -0.435198781423 2.85381462582
counter is 429	counter is 430
700	10 20 -1.5 0 1 -1 -0.67831706276 -0.00578508779659
counter is 430	counter is 431
526	10 20 -1.5 0 1 1 -0.86003268021 -0.371315087797
counter is 431	counter is 432
418	10 20 -1.5 1 -1 -1 -0.468662203334 2.30896446706
counter is 432	counter is 433
877	10 20 -1.5 1 -1 1 -0.42359110894 2.89662446706
counter is 433	counter is 434
923	10 20 -1.5 1 1 -1 -1.05274936853 -0.355115087797
counter is 434	counter is 435
241	10 20 -1.5 1 1 1 -0.681163871812 -0.406905087797
counter is 435	counter is 436
195	10 20 -1.5 1.5 -1 -1 -0.459952522515 2.3657749122
counter is 436	counter is 437
1021	10 20 -1.5 1.5 -1 1 -0.411773601339 2.9526849122
counter is 437	counter is 438
1057	10 20 -1.5 1.5 1 -1 -0.677908057994 -0.517872460691
counter is 438	counter is 439
97	10 20 -1.5 1.5 1 1 -1.25739439542 -0.563554218652
counter is 439	counter is 440
61	10 20 -1.3 -1.5 -1 -1 -1.08484130365 -0.459209364057
counter is 440	counter is 441
98	10 20 -1.3 -1.5 -1 1 -0.48665984744 1.92447063594
counter is 441	counter is 442
355	10 20 -1.3 -1.5 1 -1 -0.520705718098 2.8639249122
counter is 442	counter is 443
1241	10 20 -1.3 -1.5 1 1 -0.275977769233 0.703424912203
counter is 443	counter is 444
984	10 20 -1.3 -1 -1 -1 -0.201024743464 1.32247295478
counter is 444	counter is 445
286	10 20 -1.3 -1 -1 1 -0.440205808295 2.7123966857
counter is 445	counter is 446
548	10 20 -1.3 -1 1 -1 -0.485359068253 1.0730949122
counter is 446	counter is 447
1053	10 20 -1.3 -1 1 1 -0.411575794613 -0.0920450877966
counter is 447	counter is 448
791	10 20 -1.3 0 -1 -1 -0.516880345591 2.47967095325
counter is 448	counter is 449
666	10 20 -1.3 0 -1 1 -0.476574273737 2.86334462582
counter is 449	counter is 450
810	10 20 -1.3 0 1 -1 -0.843888720033 -0.0663150877966
counter is 450	counter is 451
673	10 20 -1.3 0 1 1 -0.574862341912 -0.253995087797
counter is 451	counter is 452
529	10 20 -1.3 1 -1 -1 -0.532544960666 2.78637446706
counter is 452	counter is 453
1039	10 20 -1.3 1 -1 1 -0.461714704013 2.98112446706
counter is 453	counter is 454
1094	10 20 -1.3 1 1 -1 -1.13485423561 -0.392995087797
counter is 454	counter is 455
300	10 20 -1.3 1 1 1 -0.55099453375 -0.364555087797
counter is 455	counter is 456
245	10 20 -1.3 1.5 -1 -1 -0.529641466204 2.7422149122
counter is 456	counter is 457
1198	10 20 -1.3 1.5 -1 1 -0.449130539275 3.0650749122
counter is 457	counter is 458
1260	10 20 -1.3 1.5 1 -1 -0.399145898204 -0.454782460691
counter is 458	counter is 459
141	10 20 -1.3 1.5 1 1 -1.08467843837 -0.549094218652
counter is 459	counter is 460
79	10 20 -1.0 -1.5 -1 -1 -2.14552600907 -0.537869364057
counter is 460	counter is 461
85	10 20 -1.0 -1.5 -1 1 -0.461645882082 1.27521368059
counter is 461	counter is 462
361	10 20 -1.0 -1.5 1 -1 -0.414125484774 2.7163449122
counter is 462	counter is 463
1431	10 20 -1.0 -1.5 1 1 -0.314950639526 1.0028749122
counter is 463	counter is 464
1158	10 20 -1.0 -1 -1 -1 -1.16453142372 -0.434937045222
counter is 464	counter is 465
241	10 20 -1.0 -1 -1 1 -0.399790324622 2.34025295478
counter is 465	counter is 466
576	10 20 -1.0 -1 1 -1 -0.364864057176 2.6042649122
counter is 466	counter is 467
1275	10 20 -1.0 -1 1 1 -0.560389832621 -0.0774350877966
counter is 467	counter is 468
943	10 20 -1.0 0 -1 -1 -0.436353043149 2.10418868683
counter is 468	counter is 469
687	10 20 -1.0 0 -1 1 -0.42836643742 2.55587462582
counter is 469	counter is 470
895	10 20 -1.0 0 1 -1 -0.794183657743 0.0624449122034
counter is 470	counter is 471
829	10 20 -1.0 0 1 1 -0.853251754409 -0.302455087797
counter is 471	counter is 472
624	10 20 -1.0 1 -1 -1 -0.43836653921 2.39208446706
counter is 472	counter is 473
1126	10 20 -1.0 1 -1 1 -0.430779774584 2.60310446706
counter is 473	counter is 474
1230	10 20 -1.0 1 1 -1 -0.868862184125 -0.224945087797
counter is 474	counter is 475
390	10 20 -1.0 1 1 1 -0.623732291544 -0.342475087797
counter is 475	counter is 476
289	10 20 -1.0 1.5 -1 -1 -0.447104489577 2.5368849122
counter is 476	counter is 477
1352	10 20 -1.0 1.5 -1 1 -0.41356372119 2.7289849122
counter is 477	counter is 478
1428	10 20 -1.0 1.5 1 -1 -0.832586060366 -0.475692460691
counter is 478	counter is 479
164	10 20 -1.0 1.5 1 1 -1.37124456039 -0.568934218652
counter is 479	counter is 480
91	10 20 0 -1.5 -1 -1 -1.1473056154 -0.475251551738
counter is 480	counter is 481
52	10 20 0 -1.5 -1 1 -0.381937582924 0.465720635943
counter is 481	counter is 482
283	10 20 0 -1.5 1 -1 -0.422792717458 2.6544649122
counter is 482	counter is 483
1579	10 20 0 -1.5 1 1 -0.491824144142 1.5675449122
counter is 483	counter is 484
1351	10 20 0 -1 -1 -1 -0.468073640353 -0.399767045222
counter is 484	counter is 485
139	10 20 0 -1 -1 1 -0.242431401934 0.989166685698
counter is 485	counter is 486
423	10 20 0 -1 1 -1 -0.40485380053 2.5656149122
counter is 486	counter is 487
1492	10 20 0 -1 1 1 -0.568766842049 1.0365549122
counter is 487	counter is 488
1211	10 20 0 0 -1 -1 -0.963630650675 -0.357991313167
counter is 488	counter is 489
411	10 20 0 0 -1 1 -0.503808796863 2.15442462582
counter is 489	counter is 490
824	10 20 0 0 1 -1 -0.383125226906 2.5211449122
counter is 490	counter is 491
1220	10 20 0 0 1 1 -0.726565876779 -0.139715087797
counter is 491	counter is 492
810	10 20 0 1 -1 -1 -0.528345847121 0.899294467059
counter is 492	counter is 493
1004	10 20 0 1 -1 1 -0.779324336017 2.34168446706
counter is 493	counter is 494
1213	10 20 0 1 1 -1 -0.0197676894966 1.2643649122
counter is 494	counter is 495
627	10 20 0 1 1 1 -0.824920904063 -0.319755087797
counter is 495	counter is 496
421	10 20 0 1.5 -1 -1 -0.43045225192 2.2199349122
counter is 496	counter is 497
1364	10 20 0 1.5 -1 1 -0.648614611583 2.5626349122
counter is 497	counter is 498
1510	10 20 0 1.5 1 -1 -0.919586470695 -0.162222460691
counter is 498	counter is 499
267	10 20 0 1.5 1 1 -2.08908944078 -0.641294218652
counter is 499	counter is 500
124	10 20 1.0 -1.5 -1 -1 -1.72640885361 -0.513419364057
counter is 500	counter is 501
50	10 20 1.0 -1.5 -1 1 -0.959518815652 -0.294838239648
counter is 501	counter is 502
169	10 20 1.0 -1.5 1 -1 0.170057068365 4.7080749122
counter is 502	counter is 503
1709	10 20 1.0 -1.5 1 1 0.00879354649591 3.9608349122
counter is 503	counter is 504
1587	10 20 1.0 -1 -1 -1 -1.21337371946 -0.472937045222
counter is 504	counter is 505
111	10 20 1.0 -1 -1 1 -1.11778801028 -0.342188239648
counter is 505	counter is 506
282	10 20 1.0 -1 1 -1 0.18560888635 4.6584449122
counter is 506	counter is 507
1648	10 20 1.0 -1 1 1 0.0520849284192 4.0081849122
counter is 507	counter is 508
1474	10 20 1.0 0 -1 -1 -1.7391640859 -0.569871313167
counter is 508	counter is 509
305	10 20 1.0 0 -1 1 -0.327785768965 0.68258462582
counter is 509	counter is 510
557	10 20 1.0 0 1 -1 0.216193063541 4.7526849122
counter is 510	counter is 511
1454	10 20 1.0 0 1 1 -0.0477310682088 2.9764549122
counter is 511	counter is 512
1199	10 20 1.0 1 -1 -1 -0.836671687803 -0.234275532941
counter is 512	counter is 513
843	10 20 1.0 1 -1 1 -0.0120169374867 3.93220446706
counter is 513	counter is 514
1135	10 20 1.0 1 1 -1 0.235241668778 4.4176049122
counter is 514	counter is 515
916	10 20 1.0 1 1 1 -0.774825553837 -0.265945087797
counter is 515	counter is 516
621	10 20 1.0 1.5 -1 -1 0.121870004899 3.1406249122
counter is 516	counter is 517
1349	10 20 1.0 1.5 -1 1 -0.00111474280822 4.0908349122
counter is 517	counter is 518
1562	10 20 1.0 1.5 1 -1 -0.40991133115 0.936737539309
counter is 518	counter is 519
410	10 20 1.0 1.5 1 1 -1.1926495952 -0.530532460691
counter is 519	counter is 520
194	10 20 1.3 -1.5 -1 -1 -1.8208479578 -0.490508162285
counter is 520	counter is 521
38	10 20 1.3 -1.5 -1 1 -0.99676320045 -0.434449364057
counter is 521	counter is 522
122	10 20 1.3 -1.5 1 -1 0.0423025233246 3.3569949122
counter is 522	counter is 523
1550	10 20 1.3 -1.5 1 1 -0.104161052565 2.7879949122
counter is 523	counter is 524
1464	10 20 1.3 -1 -1 -1 -1.09850429776 -0.461133314302
counter is 524	counter is 525
94	10 20 1.3 -1 -1 1 -0.902867162779 -0.294407045222
counter is 525	counter is 526
207	10 20 1.3 -1 1 -1 0.0394687419007 3.2872349122
counter is 526	counter is 527
1494	10 20 1.3 -1 1 1 -0.112612443823 2.6388049122
counter is 527	counter is 528
1379	10 20 1.3 0 -1 -1 -1.83156530618 -0.58876537418
counter is 528	counter is 529
266	10 20 1.3 0 -1 1 -0.32140369061 0.23947462582
counter is 529	counter is 530
435	10 20 1.3 0 1 -1 0.0844960966186 3.4038649122
counter is 530	counter is 531
1322	10 20 1.3 0 1 1 -0.205540887921 2.0955149122
counter is 531	counter is 532
1151	10 20 1.3 1 -1 -1 -1.32596329132 -0.483125532941
counter is 532	counter is 533
718	10 20 1.3 1 -1 1 -0.197810990339 1.20891446706
counter is 533	counter is 534
922	10 20 1.3 1 1 -1 0.103596694115 3.3054449122
counter is 534	counter is 535
870	10 20 1.3 1 1 1 -0.351183063105 1.1333049122
counter is 535	counter is 536
664	10 20 1.3 1.5 -1 -1 -0.166720283705 1.0571349122
counter is 536	counter is 537
1178	10 20 1.3 1.5 -1 1 -0.102065737655 2.8593849122
counter is 537	counter is 538
1393	10 20 1.3 1.5 1 -1 -0.374970616883 1.65921753931
counter is 538	counter is 539
410	10 20 1.3 1.5 1 1 -1.92620456366 -0.617754218652
counter is 539	counter is 540
193	10 20 1.5 -1.5 -1 -1 -0.977984393039 -0.446918162285
counter is 540	counter is 541
28	10 20 1.5 -1.5 -1 1 -0.675576101213 -0.421409364057
counter is 541	counter is 542
95	10 20 1.5 -1.5 1 -1 0.0374924600109 2.7337549122
counter is 542	counter is 543
1355	10 20 1.5 -1.5 1 1 -0.0454443384784 2.2363749122
counter is 543	counter is 544
1287	10 20 1.5 -1 -1 -1 -0.274429327722 -0.424903314302
counter is 544	counter is 545
70	10 20 1.5 -1 -1 1 -0.701125853354 -0.224007045222
counter is 545	counter is 546
158	10 20 1.5 -1 1 -1 0.0258044208734 2.6713549122
counter is 546	counter is 547
1313	10 20 1.5 -1 1 1 -0.0927376618104 2.0298249122
counter is 547	counter is 548
1224	10 20 1.5 0 -1 -1 -1.51019708235 -0.500429046754
counter is 548	counter is 549
216	10 20 1.5 0 -1 1 -0.507069314773 -0.00315537417979
counter is 549	counter is 550
352	10 20 1.5 0 1 -1 0.0768306335804 2.7630649122
counter is 550	counter is 551
1167	10 20 1.5 0 1 1 -0.116388505768 1.7995749122
counter is 551	counter is 552
1030	10 20 1.5 1 -1 -1 -1.16725051671 -0.427545532941
counter is 552	counter is 553
599	10 20 1.5 1 -1 1 -0.492166507623 0.336914467059
counter is 553	counter is 554
746	10 20 1.5 1 1 -1 0.0914963865271 2.6702149122
counter is 554	counter is 555
784	10 20 1.5 1 1 1 -0.0278417877782 1.4667249122
counter is 555	counter is 556
636	10 20 1.5 1.5 -1 -1 -0.985850073615 -0.309765087797
counter is 556	counter is 557
993	10 20 1.5 1.5 -1 1 -0.0358262594037 2.2429149122
counter is 557	counter is 558
1191	10 20 1.5 1.5 1 -1 -0.183228218486 2.44646753931
counter is 558	counter is 559
390	10 20 1.5 1.5 1 1 -1.44085493806 -0.539864218652
counter is 559	counter is 560
191	10 50 -1.5 -1.5 -1 -1 -0.0062908550064 -0.267553032751
counter is 560	counter is 561
96	10 50 -1.5 -1.5 -1 1 -2.02428868436 7.02126696725
counter is 561	counter is 562
328	10 50 -1.5 -1.5 1 -1 -1.53912376277 7.4463049122
counter is 562	counter is 563
1022	10 50 -1.5 -1.5 1 1 -0.303592175196 0.373674912203
counter is 563	counter is 564
790	10 50 -1.5 -1 -1 -1 -0.348320307625 3.36537696725
counter is 564	counter is 565
280	10 50 -1.5 -1 -1 1 -0.59112601973 7.36600696725
counter is 565	counter is 566
491	10 50 -1.5 -1 1 -1 0.111607683836 3.8133749122
counter is 566	counter is 567
838	10 50 -1.5 -1 1 1 -0.543477799605 0.0289349122034
counter is 567	counter is 568
627	10 50 -1.5 0 -1 -1 -1.66457851072 6.45438462582
counter is 568	counter is 569
592	10 50 -1.5 0 -1 1 -0.611642702468 7.62798462582
counter is 569	counter is 570
700	10 50 -1.5 0 1 -1 -0.190026218779 0.745224912203
counter is 570	counter is 571
526	10 50 -1.5 0 1 1 -0.734736297434 -0.212185087797
counter is 571	counter is 572
418	10 50 -1.5 1 -1 -1 -1.71736748675 7.63847446706
counter is 572	counter is 573
877	10 50 -1.5 1 -1 1 -0.711766333931 7.81121446706
counter is 573	counter is 574
923	10 50 -1.5 1 1 -1 -1.20861072125 -0.431655087797
counter is 574	counter is 575
241	10 50 -1.5 1 1 1 -0.901015954236 -0.388195087797
counter is 575	counter is 576
195	10 50 -1.5 1.5 -1 -1 -1.73807559094 7.6818549122
counter is 576	counter is 577
1021	10 50 -1.5 1.5 -1 1 -0.697028757766 7.8377349122
counter is 577	counter is 578
1057	10 50 -1.5 1.5 1 -1 -1.61270397792 -0.580982460691
counter is 578	counter is 579
97	10 50 -1.5 1.5 1 1 -0.990686881121 -0.515304218652
counter is 579	counter is 580
61	10 50 -1.3 -1.5 -1 -1 -0.736884884748 -0.406953032751
counter is 580	counter is 581
98	10 50 -1.3 -1.5 -1 1 -1.35020172097 5.80727696725
counter is 581	counter is 582
355	10 50 -1.3 -1.5 1 -1 -2.06283717203 8.4182749122
counter is 582	counter is 583
1241	10 50 -1.3 -1.5 1 1 0.157782094109 2.7071249122
counter is 583	counter is 584
984	10 50 -1.3 -1 -1 -1 -0.158505312349 2.39376696725
counter is 584	counter is 585
286	10 50 -1.3 -1 -1 1 -2.06014873359 8.24426696725
counter is 585	counter is 586
548	10 50 -1.3 -1 1 -1 -0.0200558747845 5.6175449122
counter is 586	counter is 587
1053	10 50 -1.3 -1 1 1 -0.420493457975 0.270134912203
counter is 587	counter is 588
791	10 50 -1.3 0 -1 -1 -0.808908353461 6.83954462582
counter is 588	counter is 589
666	10 50 -1.3 0 -1 1 -2.13201881908 8.64812462582
counter is 589	counter is 590
810	10 50 -1.3 0 1 -1 -0.25145822045 1.1926349122
counter is 590	counter is 591
673	10 50 -1.3 0 1 1 -0.701393477419 -0.112865087797
counter is 591	counter is 592
529	10 50 -1.3 1 -1 -1 -2.07369488757 8.48909446706
counter is 592	counter is 593
1039	10 50 -1.3 1 -1 1 -2.08244077889 8.93792446706
counter is 593	counter is 594
1094	10 50 -1.3 1 1 -1 -1.23059665247 -0.449705087797
counter is 594	counter is 595
300	10 50 -1.3 1 1 1 -1.0462078427 -0.395445087797
counter is 595	counter is 596
245	10 50 -1.3 1.5 -1 -1 -2.06388297351 8.4172949122
counter is 596	counter is 597
1198	10 50 -1.3 1.5 -1 1 -2.07400729474 8.9582549122
counter is 597	counter is 598
1260	10 50 -1.3 1.5 1 -1 -1.12054127388 -0.483852460691
counter is 598	counter is 599
141	10 50 -1.3 1.5 1 1 -1.07187799996 -0.516364218652
counter is 599	counter is 600
79	10 50 -1.0 -1.5 -1 -1 -1.50427037319 -0.530253032751
counter is 600	counter is 601
85	10 50 -1.0 -1.5 -1 1 -0.495061292099 4.67919696725
counter is 601	counter is 602
361	10 50 -1.0 -1.5 1 -1 -0.780399703017 8.7939249122
counter is 602	counter is 603
1431	10 50 -1.0 -1.5 1 1 0.0807246088583 4.0469349122
counter is 603	counter is 604
1158	10 50 -1.0 -1 -1 -1 -0.888360075698 -0.313943032751
counter is 604	counter is 605
241	10 50 -1.0 -1 -1 1 -2.00125892684 8.19617696725
counter is 605	counter is 606
576	10 50 -1.0 -1 1 -1 -2.0138061078 8.5776149122
counter is 606	counter is 607
1275	10 50 -1.0 -1 1 1 -0.334354771099 0.529954912203
counter is 607	counter is 608
943	10 50 -1.0 0 -1 -1 -2.09348399153 6.23093696725
counter is 608	counter is 609
687	10 50 -1.0 0 -1 1 -0.76429554796 8.86913462582
counter is 609	counter is 610
895	10 50 -1.0 0 1 -1 -0.131666356765 2.0327349122
counter is 610	counter is 611
829	10 50 -1.0 0 1 1 -0.806285283839 -0.122145087797
counter is 611	
624	
counter is 612	
1126	
