counter is 1461	counter is 1461
97	15 20 0 -1.5 -1 1 -0.754725744887 -0.0792276348709
counter is 1462	counter is 1462
454	15 20 0 -1.5 1 -1 -0.411846548452 1.65068993241
counter is 1463	counter is 1463
378	15 20 0 -1.5 1 1 -0.586408779306 0.952256967249
counter is 1464	counter is 1464
41	15 20 0 -1 -1 -1 -1.52256783527 -0.521411759825
counter is 1465	counter is 1465
123	15 20 0 -1 -1 1 -0.0683034701453 0.817012365129
counter is 1466	counter is 1466
434	15 20 0 -1 1 -1 -0.411963998385 1.65054993241
counter is 1467	counter is 1467
352	15 20 0 -1 1 1 -0.866557124247 0.0560169672486
counter is 1468	counter is 1468
125	15 20 0 0 -1 -1 -0.522931172734 -0.340802118855
counter is 1469	counter is 1469
239	15 20 0 0 -1 1 -0.424889172201 1.40324368059
counter is 1470	counter is 1470
350	15 20 0 0 1 -1 -0.443295335447 1.51119535844
counter is 1471	counter is 1471
236	15 20 0 0 1 1 -1.48160257929 -0.525387418528
counter is 1472	counter is 1472
286	15 20 0 1 -1 -1 -0.52738985038 1.17783993241
counter is 1473	counter is 1473
360	15 20 0 1 -1 1 -0.535775761841 1.28128696725
counter is 1474	counter is 1474
189	15 20 0 1 1 -1 -0.956393565727 -0.128374218652
counter is 1475	counter is 1475
115	15 20 0 1 1 1 -1.16024813705 -0.514754218652
counter is 1476	counter is 1476
389	15 20 0 1.5 -1 -1 -0.465512725071 1.46596993241
counter is 1477	counter is 1477
436	15 20 0 1.5 -1 1 -0.516310441875 1.38431696725
counter is 1478	counter is 1478
86	15 20 0 1.5 1 -1 -1.06084325719 -0.375678444147
counter is 1479	counter is 1479
39	15 20 0 1.5 1 1 -1.9707053129 -0.508765515065
counter is 1480	counter is 1480
16	15 20 1.0 -1.5 -1 -1 -2.28842742606 -0.575172244433
counter is 1481	counter is 1481
55	15 20 1.0 -1.5 -1 1 -1.42968586624 -0.503469175079
counter is 1482	counter is 1482
523	15 20 1.0 -1.5 1 -1 -0.0744993401963 2.68099982989
counter is 1483	counter is 1483
482	15 20 1.0 -1.5 1 1 -0.183943395275 2.16603993241
counter is 1484	counter is 1484
30	15 20 1.0 -1 -1 -1 -2.11269352333 -0.566352244433
counter is 1485	counter is 1485
70	15 20 1.0 -1 -1 1 -0.42098587053 -0.0878191750788
counter is 1486	counter is 1486
509	15 20 1.0 -1 1 -1 -0.0801953344011 2.67217982989
counter is 1487	counter is 1487
467	15 20 1.0 -1 1 1 -0.292897405176 1.75038993241
counter is 1488	counter is 1488
86	15 20 1.0 0 -1 -1 -1.84129739165 -0.544746587575
counter is 1489	counter is 1489
158	15 20 1.0 0 -1 1 -0.587201091054 0.0982527539374
counter is 1490	counter is 1490
453	15 20 1.0 0 1 -1 -0.0306571294092 2.69588535844
counter is 1491	counter is 1491
379	15 20 1.0 0 1 1 -0.309892901872 1.58287258147
counter is 1492	counter is 1492
230	15 20 1.0 1 -1 -1 -1.71806665833 -0.592920170109
counter is 1493	counter is 1493
342	15 20 1.0 1 -1 1 -0.155365414215 2.16566993241
counter is 1494	counter is 1494
309	15 20 1.0 1 1 -1 -0.259519215581 2.62290578135
counter is 1495	counter is 1495
195	15 20 1.0 1 1 1 -1.77603330522 -0.600452749386
counter is 1496	counter is 1496
382	15 20 1.0 1.5 -1 -1 -0.102712787303 1.49626982989
counter is 1497	counter is 1497
475	15 20 1.0 1.5 -1 1 -0.171010217269 2.19021993241
counter is 1498	counter is 1498
157	15 20 1.0 1.5 1 -1 -0.659124890616 0.541757336301
counter is 1499	counter is 1499
62	15 20 1.0 1.5 1 1 -2.11627577349 -0.58142985969
counter is 1500	counter is 1500
12	15 20 1.3 -1.5 -1 -1 -1.24898498367 -0.517221197727
counter is 1501	counter is 1501
43	15 20 1.3 -1.5 -1 1 -2.1494656037 -0.559789175079
counter is 1502	counter is 1502
490	15 20 1.3 -1.5 1 -1 -0.210335057562 2.26567696725
counter is 1503	counter is 1503
458	15 20 1.3 -1.5 1 1 -0.27864710015 1.82271993241
counter is 1504	counter is 1504
24	15 20 1.3 -1 -1 -1 -1.02316426586 -0.506111197727
counter is 1505	counter is 1505
54	15 20 1.3 -1 -1 1 -0.771153032619 -0.316209175079
counter is 1506	counter is 1506
478	15 20 1.3 -1 1 -1 -0.215558553577 2.25456696725
counter is 1507	counter is 1507
447	15 20 1.3 -1 1 1 -0.35139869883 1.57913993241
counter is 1508	counter is 1508
68	15 20 1.3 0 -1 -1 -1.68784649497 -0.514845425101
counter is 1509	counter is 1509
130	15 20 1.3 0 -1 1 -0.504657363239 -0.0103972460626
counter is 1510	counter is 1510
434	15 20 1.3 0 1 -1 -0.171175771012 2.30768535844
counter is 1511	counter is 1511
371	15 20 1.3 0 1 1 -0.460668114871 1.29189258147
counter is 1512	counter is 1512
205	15 20 1.3 1 -1 -1 -1.79901854308 -0.605893032751
counter is 1513	counter is 1513
271	15 20 1.3 1 -1 1 -0.283975455176 0.598389932411
counter is 1514	counter is 1514
297	15 20 1.3 1 1 -1 -0.442366554954 2.27760578135
counter is 1515	counter is 1515
230	15 20 1.3 1 1 1 -0.857514949805 0.572045781348
counter is 1516	counter is 1516
349	15 20 1.3 1.5 -1 -1 -0.167732703672 0.796896967249
counter is 1517	counter is 1517
435	15 20 1.3 1.5 -1 1 -0.269480833675 1.82051993241
counter is 1518	counter is 1518
153	15 20 1.3 1.5 1 -1 -0.636245175491 0.882847336301
counter is 1519	counter is 1519
66	15 20 1.3 1.5 1 1 -2.32402716196 -0.631303614207
counter is 1520	counter is 1520
12	15 20 1.5 -1.5 -1 -1 -1.25423035572 -0.518481197727
counter is 1521	counter is 1521
37	15 20 1.5 -1.5 -1 1 -2.08846308696 -0.545267634871
counter is 1522	counter is 1522
464	15 20 1.5 -1.5 1 -1 -0.298498040895 1.70791696725
counter is 1523	counter is 1523
438	15 20 1.5 -1.5 1 1 -0.176078682641 1.80989478609
counter is 1524	counter is 1524
21	15 20 1.5 -1 -1 -1 -1.09069588031 -0.510891197727
counter is 1525	counter is 1525
49	15 20 1.5 -1 -1 1 -0.813607222007 -0.328007634871
counter is 1526	counter is 1526
455	15 20 1.5 -1 1 -1 -0.3022000136 1.70032696725
counter is 1527	counter is 1527
426	15 20 1.5 -1 1 1 -0.268562721933 1.59263478609
counter is 1528	counter is 1528
63	15 20 1.5 0 -1 -1 -1.71165873104 -0.516325425101
counter is 1529	counter is 1529
118	15 20 1.5 0 -1 1 -0.545374352552 -0.0318276348709
counter is 1530	counter is 1530
413	15 20 1.5 0 1 -1 -0.261963013419 1.75014535844
counter is 1531	counter is 1531
357	15 20 1.5 0 1 1 -0.352794552518 1.30333535844
counter is 1532	counter is 1532
185	15 20 1.5 1 -1 -1 -2.1685014903 -0.663323032751
counter is 1533	counter is 1533
237	15 20 1.5 1 -1 1 -0.712838614565 -0.0228279723309
counter is 1534	counter is 1534
291	15 20 1.5 1 1 -1 -0.515845090198 1.77601578135
counter is 1535	counter is 1535
238	15 20 1.5 1 1 1 -0.666129201475 1.15564725061
counter is 1536	counter is 1536
302	15 20 1.5 1.5 -1 -1 -1.6642244251 -0.585883032751
counter is 1537	counter is 1537
402	15 20 1.5 1.5 -1 1 -0.226400396766 1.72494202767
counter is 1538	counter is 1538
174	15 20 1.5 1.5 1 -1 -0.491145362355 1.7066173363
counter is 1539	counter is 1539
73	15 20 1.5 1.5 1 1 -1.63080893917 -0.568483614207
counter is 1540	counter is 1540
44	15 50 -1.5 -1.5 -1 -1 -1.74971986411 -0.59754418343
counter is 1541	counter is 1541
186	15 50 -1.5 -1.5 -1 1 -0.509414276641 6.28930202767
counter is 1542	counter is 1542
315	15 50 -1.5 -1.5 1 -1 -0.447305405166 6.19715696725
counter is 1543	counter is 1543
172	15 50 -1.5 -1.5 1 1 -0.880694618373 -0.291313032751
counter is 1544	counter is 1544
125	15 50 -1.5 -1 -1 -1 -0.307592648529 3.21068414754
counter is 1545	counter is 1545
207	15 50 -1.5 -1 -1 1 -0.591944391055 6.23865202767
counter is 1546	counter is 1546
234	15 50 -1.5 -1 1 -1 -0.218892178707 2.41928696725
counter is 1547	counter is 1547
151	15 50 -1.5 -1 1 1 -0.69119147723 -0.240663032751
counter is 1548	counter is 1548
232	15 50 -1.5 0 -1 -1 -0.470498113996 5.67536696725
counter is 1549	counter is 1549
257	15 50 -1.5 0 -1 1 -0.547079052416 6.28990696725
counter is 1550	counter is 1550
127	15 50 -1.5 0 1 -1 -0.669773671161 -0.0032046415576
counter is 1551	counter is 1551
101	15 50 -1.5 0 1 1 -0.483178338365 -0.28820054918
counter is 1552	counter is 1552
301	15 50 -1.5 1 -1 -1 -0.458460859222 6.14819696725
counter is 1553	counter is 1553
309	15 50 -1.5 1 -1 1 -0.736581111324 6.49537696725
counter is 1554	counter is 1554
58	15 50 -1.5 1 1 -1 -1.60178879751 -0.523158444147
counter is 1555	counter is 1555
49	15 50 -1.5 1 1 1 -1.4387275194 -0.54017619326
counter is 1556	counter is 1556
336	15 50 -1.5 1.5 -1 -1 -0.457957005951 6.09697696725
counter is 1557	counter is 1557
341	15 50 -1.5 1.5 -1 1 -0.736302114832 6.55773696725
counter is 1558	counter is 1558
23	15 50 -1.5 1.5 1 -1 -0.95235512718 -0.471928444147
counter is 1559	counter is 1559
17	15 50 -1.5 1.5 1 1 -2.08272000978 -0.58165985969
counter is 1560	counter is 1560
39	15 50 -1.3 -1.5 -1 -1 -1.73381382463 -0.601337671798
counter is 1561	counter is 1561
175	15 50 -1.3 -1.5 -1 1 -0.311511515585 5.52651202767
counter is 1562	counter is 1562
361	15 50 -1.3 -1.5 1 -1 -0.214479663017 6.25937696725
counter is 1563	counter is 1563
226	15 50 -1.3 -1.5 1 1 -0.207931242986 0.819376967249
counter is 1564	counter is 1564
113	15 50 -1.3 -1 -1 -1 -0.401839137195 1.41346414754
counter is 1565	counter is 1565
208	15 50 -1.3 -1 -1 1 -0.258167030248 6.57373202767
counter is 1566	counter is 1566
287	15 50 -1.3 -1 1 -1 0.0836262612261 4.28767696725
counter is 1567	counter is 1567
193	15 50 -1.3 -1 1 1 -0.766943652334 -0.227843032751
counter is 1568	counter is 1568
244	15 50 -1.3 0 -1 -1 -0.254387785345 5.58487696725
counter is 1569	counter is 1569
270	15 50 -1.3 0 -1 1 -0.272777044122 6.63563696725
counter is 1570	counter is 1570
156	15 50 -1.3 0 1 -1 -0.552321290574 0.158455358442
counter is 1571	counter is 1571
131	15 50 -1.3 0 1 1 -0.626285802661 -0.28602054918
counter is 1572	counter is 1572
326	15 50 -1.3 1 -1 -1 -0.225611992181 6.15677696725
counter is 1573	counter is 1573
339	15 50 -1.3 1 -1 1 -0.292420432018 6.74208696725
counter is 1574	counter is 1574
74	15 50 -1.3 1 1 -1 -1.47550854124 -0.460568444147
counter is 1575	counter is 1575
62	15 50 -1.3 1 1 1 -0.95809082518 -0.43897619326
counter is 1576	counter is 1576
369	15 50 -1.3 1.5 -1 -1 -0.227591965494 6.14269696725
counter is 1577	counter is 1577
377	15 50 -1.3 1.5 -1 1 -0.286906045473 6.87985696725
counter is 1578	counter is 1578
31	15 50 -1.3 1.5 1 -1 -0.776730988712 -0.446478444147
counter is 1579	counter is 1579
24	15 50 -1.3 1.5 1 1 -1.67098795047 -0.55586985969
counter is 1580	counter is 1580
30	15 50 -1.0 -1.5 -1 -1 -0.846161036722 -0.489247972331
counter is 1581	counter is 1581
137	15 50 -1.0 -1.5 -1 1 -0.360677266029 4.44950202767
counter is 1582	counter is 1582
396	15 50 -1.0 -1.5 1 -1 -0.250434887143 6.04908993241
counter is 1583	counter is 1583
290	15 50 -1.0 -1.5 1 1 -0.0747496541131 1.47654696725
counter is 1584	counter is 1584
80	15 50 -1.0 -1 -1 -1 -1.12565170281 -0.451147972331
counter is 1585	counter is 1585
179	15 50 -1.0 -1 -1 1 -0.264547934641 6.19045202767
counter is 1586	counter is 1586
346	15 50 -1.0 -1 1 -1 -0.211918847541 6.01098993241
counter is 1587	counter is 1587
248	15 50 -1.0 -1 1 1 -0.977268254991 -0.264393032751
counter is 1588	counter is 1588
224	15 50 -1.0 0 -1 -1 0.0521136022173 4.96918202767
counter is 1589	counter is 1589
254	15 50 -1.0 0 -1 1 -0.322115090032 6.29807696725
counter is 1590	counter is 1590
202	15 50 -1.0 0 1 -1 -0.578368142666 0.57326945082
counter is 1591	counter is 1591
173	15 50 -1.0 0 1 1 -1.01308896384 -0.36830054918
counter is 1592	counter is 1592
316	15 50 -1.0 1 -1 -1 -0.324421329298 5.67550202767
counter is 1593	counter is 1593
342	15 50 -1.0 1 -1 1 -0.340896982392 6.39514696725
counter is 1594	counter is 1594
110	15 50 -1.0 1 1 -1 -1.13329696941 -0.197394218652
counter is 1595	counter is 1595
85	15 50 -1.0 1 1 1 -1.49653296176 -0.534562749386
counter is 1596	counter is 1596
381	15 50 -1.0 1.5 -1 -1 -0.307522310617 6.01770202767
counter is 1597	counter is 1597
401	15 50 -1.0 1.5 -1 1 -0.338844861962 6.43488696725
counter is 1598	counter is 1598
45	15 50 -1.0 1.5 1 -1 -1.30020100853 -0.520813614207
counter is 1599	counter is 1599
26	15 50 -1.0 1.5 1 1 -1.48460920714 -0.561402663699
counter is 1600	counter is 1600
21	15 50 0 -1.5 -1 -1 -1.61096570653 -0.563376955154
counter is 1601	counter is 1601
97	15 50 0 -1.5 -1 1 -0.241151185853 0.789132027669
counter is 1602	counter is 1602
454	15 50 0 -1.5 1 -1 -0.05786759741 6.03131993241
counter is 1603	counter is 1603
378	15 50 0 -1.5 1 1 -0.280207891959 4.79989696725
counter is 1604	counter is 1604
41	15 50 0 -1 -1 -1 -1.57131657683 -0.560026955154
counter is 1605	counter is 1605
123	15 50 0 -1 -1 1 -0.0977458221668 1.56175202767
counter is 1606	counter is 1606
434	15 50 0 -1 1 -1 -0.0572581234386 6.02796993241
counter is 1607	counter is 1607
352	15 50 0 -1 1 1 -0.32124839265 4.02727696725
counter is 1608	counter is 1608
125	15 50 0 0 -1 -1 -0.975382357505 -0.376000067589
counter is 1609	counter is 1609
239	15 50 0 0 -1 1 -0.305080976385 5.92568696725
counter is 1610	counter is 1610
350	15 50 0 0 1 -1 -0.0394234245014 5.89246535844
counter is 1611	counter is 1611
236	15 50 0 0 1 1 -1.07014840332 -0.331477418528
counter is 1612	counter is 1612
286	15 50 0 1 -1 -1 -0.147427626475 4.63320993241
counter is 1613	counter is 1613
360	15 50 0 1 -1 1 -0.320459366749 6.02518696725
counter is 1614	counter is 1614
189	15 50 0 1 1 -1 -0.697587652586 0.795315781348
counter is 1615	counter is 1615
115	15 50 0 1 1 1 -1.36044527605 -0.496774218652
counter is 1616	counter is 1616
389	15 50 0 1.5 -1 -1 -0.0731483490838 5.75897993241
counter is 1617	counter is 1617
436	15 50 0 1.5 -1 1 -0.314162470242 6.16120696725
counter is 1618	counter is 1618
86	15 50 0 1.5 1 -1 -1.15794044911 -0.289628444147
counter is 1619	counter is 1619
39	15 50 0 1.5 1 1 -1.96101950841 -0.523775515065
counter is 1620	counter is 1620
16	15 50 1.0 -1.5 -1 -1 -1.93977373247 -0.602018867551
counter is 1621	counter is 1621
55	15 50 1.0 -1.5 -1 1 -1.2597415037 -0.520038823955
counter is 1622	counter is 1622
523	15 50 1.0 -1.5 1 -1 0.0141371881993 6.92571982989
counter is 1623	counter is 1623
482	15 50 1.0 -1.5 1 1 0.145645756564 7.59455993241
counter is 1624	counter is 1624
30	15 50 1.0 -1 -1 -1 -1.51050658225 -0.554738867551
counter is 1625	counter is 1625
70	15 50 1.0 -1 -1 1 -1.20812814746 -0.397848823955
counter is 1626	counter is 1626
509	15 50 1.0 -1 1 -1 0.00217636620734 6.87843982989
counter is 1627	counter is 1627
467	15 50 1.0 -1 1 1 0.156864295068 7.47236993241
counter is 1628	counter is 1628
86	15 50 1.0 0 -1 -1 -1.59609319112 -0.550350170109
counter is 1629	counter is 1629
158	15 50 1.0 0 -1 1 -0.388555623076 1.02071993241
counter is 1630	counter is 1630
453	15 50 1.0 0 1 -1 0.0448697459311 6.92651535844
counter is 1631	counter is 1631
379	15 50 1.0 0 1 1 0.135815827349 6.07340258147
counter is 1632	counter is 1632
230	15 50 1.0 1 -1 -1 -1.26558337474 -0.445460170109
counter is 1633	counter is 1633
342	15 50 1.0 1 -1 1 0.17741878395 7.45906993241
counter is 1634	counter is 1634
309	15 50 1.0 1 1 -1 -0.219920493921 6.73368578135
counter is 1635	counter is 1635
195	15 50 1.0 1 1 1 -1.38169028789 -0.435582749386
counter is 1636	counter is 1636
382	15 50 1.0 1.5 -1 -1 0.0775609556364 4.60660982989
counter is 1637	counter is 1637
475	15 50 1.0 1.5 -1 1 0.173157618723 7.61965993241
counter is 1638	counter is 1638
157	15 50 1.0 1.5 1 -1 -0.625205431197 1.6896573363
counter is 1639	counter is 1639
62	15 50 1.0 1.5 1 1 -1.65160972941 -0.55260985969
counter is 1640	counter is 1640
12	15 50 1.3 -1.5 -1 -1 -1.06907774574 -0.538906955154
counter is 1641	counter is 1641
43	15 50 1.3 -1.5 -1 1 -1.83038330021 -0.581268823955
counter is 1642	counter is 1642
490	15 50 1.3 -1.5 1 -1 -0.0967868014234 5.27810696725
counter is 1643	counter is 1643
458	15 50 1.3 -1.5 1 1 -0.0138965964103 5.52417993241
counter is 1644	counter is 1644
24	15 50 1.3 -1 -1 -1 -0.769968020905 -0.513226955154
counter is 1645	counter is 1645
54	15 50 1.3 -1 -1 1 -1.14593237198 -0.410128823955
counter is 1646	counter is 1646
478	15 50 1.3 -1 1 -1 -0.104117712152 5.25242696725
counter is 1647	counter is 1647
447	15 50 1.3 -1 1 1 -0.0166027775379 5.35303993241
counter is 1648	counter is 1648
68	15 50 1.3 0 -1 -1 -1.35016336681 -0.510703032751
counter is 1649	counter is 1649
130	15 50 1.3 0 -1 1 -0.735376554001 0.0942099324109
counter is 1650	counter is 1650
434	15 50 1.3 0 1 -1 -0.0714458746587 5.29842535844
counter is 1651	counter is 1651
371	15 50 1.3 0 1 1 -0.0398509472372 4.86832258147
counter is 1652	counter is 1652
205	15 50 1.3 1 -1 -1 -1.28767441973 -0.465523032751
counter is 1653	counter is 1653
271	15 50 1.3 1 -1 1 -0.257963810602 1.68176993241
counter is 1654	counter is 1654
297	15 50 1.3 1 1 -1 -0.350857154265 5.16530578135
counter is 1655	counter is 1655
230	15 50 1.3 1 1 1 -0.284718805128 3.21496578135
counter is 1656	counter is 1656
349	15 50 1.3 1.5 -1 -1 -0.0601030133402 2.20568696725
counter is 1657	counter is 1657
435	15 50 1.3 1.5 -1 1 0.00291564232479 5.51367993241
counter is 1658	counter is 1658
153	15 50 1.3 1.5 1 -1 -0.515790560599 2.5021273363
counter is 1659	counter is 1659
66	15 50 1.3 1.5 1 1 -1.84532675969 -0.598173614207
counter is 1660	counter is 1660
12	15 50 1.5 -1.5 -1 -1 -1.52710382396 -0.560326955154
counter is 1661	counter is 1661
37	15 50 1.5 -1.5 -1 1 -1.73271834588 -0.562397972331
counter is 1662	counter is 1662
464	15 50 1.5 -1.5 1 -1 -0.0926325813677 4.77787696725
counter is 1663	counter is 1663
438	15 50 1.5 -1.5 1 1 -0.0113402772582 4.96431478609
counter is 1664	counter is 1664
21	15 50 1.5 -1 -1 -1 -0.979908125807 -0.531676955154
counter is 1665	counter is 1665
49	15 50 1.5 -1 -1 1 -1.21846946275 -0.443187972331
counter is 1666	counter is 1666
455	15 50 1.5 -1 1 -1 -0.102331498938 4.74922696725
counter is 1667	counter is 1667
426	15 50 1.5 -1 1 1 -0.00106486423712 4.84510478609
counter is 1668	counter is 1668
63	15 50 1.5 0 -1 -1 -1.36930775656 -0.513003032751
counter is 1669	counter is 1669
118	15 50 1.5 0 -1 1 -0.809824740842 0.0327020276691
counter is 1670	counter is 1670
413	15 50 1.5 0 1 -1 -0.0723174980422 4.77907535844
counter is 1671	counter is 1671
357	15 50 1.5 0 1 1 0.0410663596128 4.37609535844
counter is 1672	counter is 1672
185	15 50 1.5 1 -1 -1 -1.46810422596 -0.536813032751
counter is 1673	counter is 1673
237	15 50 1.5 1 -1 1 -0.678124529863 0.379722027669
counter is 1674	counter is 1674
291	15 50 1.5 1 1 -1 -0.346113236213 4.71494578135
counter is 1675	counter is 1675
238	15 50 1.5 1 1 1 -0.212822610474 3.93627725061
counter is 1676	counter is 1676
302	15 50 1.5 1.5 -1 -1 -1.33929573381 -0.490613032751
counter is 1677	counter is 1677
402	15 50 1.5 1.5 -1 1 -0.0597110636306 4.79312202767
counter is 1678	counter is 1678
174	15 50 1.5 1.5 1 -1 -0.312246631622 4.6767873363
counter is 1679	counter is 1679
73	15 50 1.5 1.5 1 1 -1.15588557967 -0.453493614207
counter is 1680	counter is 1680
44	15 100 -1.5 -1.5 -1 -1 -1.2944807995 -0.51282418343
counter is 1681	counter is 1681
186	15 100 -1.5 -1.5 -1 1 -0.383602018014 13.9430520277
counter is 1682	counter is 1682
315	15 100 -1.5 -1.5 1 -1 -0.282063048248 13.6949069672
counter is 1683	counter is 1683
172	15 100 -1.5 -1.5 1 1 -0.601797663823 0.0461469672486
counter is 1684	counter is 1684
125	15 100 -1.5 -1 -1 -1 0.0409161068977 7.75863414754
counter is 1685	counter is 1685
207	15 100 -1.5 -1 -1 1 -0.504029430059 13.9471520277
counter is 1686	counter is 1686
234	15 100 -1.5 -1 1 -1 0.0980266589597 5.45380696725
counter is 1687	counter is 1687
151	15 100 -1.5 -1 1 1 -0.521865286765 0.0420469672486
counter is 1688	counter is 1688
232	15 100 -1.5 0 -1 -1 -0.316918425567 12.5337769672
counter is 1689	counter is 1689
257	15 100 -1.5 0 -1 1 -0.45369434753 14.0460169672
counter is 1690	counter is 1690
127	15 100 -1.5 0 1 -1 -0.359244969492 0.720855358442
counter is 1691	counter is 1691
101	15 100 -1.5 0 1 1 -0.315906835909 -0.0531005491798
counter is 1692	counter is 1692
301	15 100 -1.5 1 -1 -1 -0.298792453528 13.5605869672
counter is 1693	counter is 1693
309	15 100 -1.5 1 -1 1 -0.705759629637 14.4975669672
counter is 1694	counter is 1694
58	15 100 -1.5 1 1 -1 -1.35153563097 -0.353078444147
counter is 1695	counter is 1695
49	15 100 -1.5 1 1 1 -1.59565456566 -0.55115619326
counter is 1696	counter is 1696
336	15 100 -1.5 1.5 -1 -1 -0.295433027867 13.6762069672
counter is 1697	counter is 1697
341	15 100 -1.5 1.5 -1 1 -0.705514778326 14.5489269672
counter is 1698	counter is 1698
23	15 100 -1.5 1.5 1 -1 -1.17192646136 -0.468688444147
counter is 1699	counter is 1699
17	15 100 -1.5 1.5 1 1 -1.9686622255 -0.58163985969
counter is 1700	counter is 1700
39	15 100 -1.3 -1.5 -1 -1 -1.18397323332 -0.513827671798
counter is 1701	counter is 1701
175	15 100 -1.3 -1.5 -1 1 -0.0787976728752 12.4402820277
counter is 1702	counter is 1702
361	15 100 -1.3 -1.5 1 -1 0.01959577823 13.7530569672
counter is 1703	counter is 1703
226	15 100 -1.3 -1.5 1 1 0.00368533831801 1.70130696725
counter is 1704	counter is 1704
113	15 100 -1.3 -1 -1 -1 0.0841178491249 4.19292414754
counter is 1705	counter is 1705
208	15 100 -1.3 -1 -1 1 -0.039350501268 14.1012320277
counter is 1706	counter is 1706
287	15 100 -1.3 -1 1 -1 0.300483191511 9.08940696725
counter is 1707	counter is 1707
193	15 100 -1.3 -1 1 1 -0.636868566895 0.0403569672486
counter is 1708	counter is 1708
244	15 100 -1.3 0 -1 -1 -0.0110136758396 12.1464969672
counter is 1709	counter is 1709
270	15 100 -1.3 0 -1 1 -0.0631077789847 14.1535569672
counter is 1710	counter is 1710
156	15 100 -1.3 0 1 -1 -0.173925786874 1.17802535844
counter is 1711	counter is 1711
131	15 100 -1.3 0 1 1 -0.407919216322 -0.00825054917983
counter is 1712	counter is 1712
326	15 100 -1.3 1 -1 -1 0.012047009724 13.5988769672
counter is 1713	counter is 1713
339	15 100 -1.3 1 -1 1 -0.086426176742 14.4563069672
counter is 1714	counter is 1714
74	15 100 -1.3 1 1 -1 -1.3188153987 -0.321478444147
counter is 1715	counter is 1715
62	15 100 -1.3 1 1 1 -0.968715383911 -0.35750619326
counter is 1716	counter is 1716
369	15 100 -1.3 1.5 -1 -1 0.0129203874732 13.7318569672
counter is 1717	counter is 1717
377	15 100 -1.3 1.5 -1 1 -0.082288278134 14.6617169672
counter is 1718	counter is 1718
31	15 100 -1.3 1.5 1 -1 -1.14160871519 -0.454448444147
counter is 1719	counter is 1719
24	15 100 -1.3 1.5 1 1 -1.58734081309 -0.54203985969
counter is 1720	counter is 1720
30	15 100 -1.0 -1.5 -1 -1 -0.611834279758 -0.437947972331
counter is 1721	counter is 1721
137	15 100 -1.0 -1.5 -1 1 -0.139987846194 9.58129202767
counter is 1722	counter is 1722
396	15 100 -1.0 -1.5 1 -1 -0.0625031722865 12.3872099324
counter is 1723	counter is 1723
290	15 100 -1.0 -1.5 1 1 0.143907836984 3.17010696725
counter is 1724	counter is 1724
80	15 100 -1.0 -1 -1 -1 -0.819935121887 -0.308437972331
counter is 1725	counter is 1725
179	15 100 -1.0 -1 -1 1 -0.0669975380764 12.6268220277
counter is 1726	counter is 1726
346	15 100 -1.0 -1 1 -1 -0.0292392728148 12.2576999324
counter is 1727	counter is 1727
248	15 100 -1.0 -1 1 1 -0.729540236386 0.124576967249
counter is 1728	counter is 1728
224	15 100 -1.0 0 -1 -1 0.250448421079 9.59315202767
counter is 1729	counter is 1729
254	15 100 -1.0 0 -1 1 -0.136906228894 12.8070469672
counter is 1730	counter is 1730
202	15 100 -1.0 0 1 -1 -0.176194741822 2.33871945082
counter is 1731	counter is 1731
173	15 100 -1.0 0 1 1 -0.648081608344 -0.0519305491798
counter is 1732	counter is 1732
316	15 100 -1.0 1 -1 -1 -0.127153328458 11.9772520277
counter is 1733	counter is 1733
342	15 100 -1.0 1 -1 1 -0.158877340194 13.0920069672
counter is 1734	counter is 1734
110	15 100 -1.0 1 1 -1 -1.20241410401 -0.109714218652
counter is 1735	counter is 1735
85	15 100 -1.0 1 1 1 -1.25468370911 -0.406082749386
counter is 1736	counter is 1736
381	15 100 -1.0 1.5 -1 -1 -0.117156543479 12.3973920277
counter is 1737	counter is 1737
401	15 100 -1.0 1.5 -1 1 -0.155242380324 13.2416369672
counter is 1738	counter is 1738
45	15 100 -1.0 1.5 1 -1 -1.4054461263 -0.511083614207
counter is 1739	counter is 1739
26	15 100 -1.0 1.5 1 1 -1.46827097143 -0.542812663699
counter is 1740	counter is 1740
21	15 100 0 -1.5 -1 -1 -0.355189915114 -0.435196955154
counter is 1741	counter is 1741
97	15 100 0 -1.5 -1 1 0.151031192786 2.55958202767
counter is 1742	counter is 1742
454	15 100 0 -1.5 1 -1 0.122863469552 13.1762699324
counter is 1743	counter is 1743
378	15 100 0 -1.5 1 1 -0.0725391696675 11.0146169672
counter is 1744	counter is 1744
41	15 100 0 -1 -1 -1 -0.159547662274 -0.364016955154
counter is 1745	counter is 1745
123	15 100 0 -1 -1 1 0.403452014515 4.77537202767
counter is 1746	counter is 1746
434	15 100 0 -1 1 -1 0.119261858329 13.1050899324
counter is 1747	counter is 1747
352	15 100 0 -1 1 1 -0.116612439684 8.79882696725
counter is 1748	counter is 1748
125	15 100 0 0 -1 -1 -0.632886612601 -0.100770067589
counter is 1749	counter is 1749
239	15 100 0 0 -1 1 -0.0986918998891 13.5732969672
counter is 1750	counter is 1750
350	15 100 0 0 1 -1 0.137617145828 12.8903653584
counter is 1751	counter is 1751
236	15 100 0 0 1 1 -0.822571797948 0.00608258147237
counter is 1752	counter is 1752
286	15 100 0 1 -1 -1 0.0946189964884 11.3988599324
counter is 1753	counter is 1753
360	15 100 0 1 -1 1 -0.116890578749 13.8386269672
counter is 1754	counter is 1754
189	15 100 0 1 1 -1 -0.724188975438 1.30279578135
counter is 1755	counter is 1755
115	15 100 0 1 1 1 -1.10886056479 -0.325044218652
counter is 1756	counter is 1756
389	15 100 0 1.5 -1 -1 0.120828346662 12.7755399324
counter is 1757	counter is 1757
436	15 100 0 1.5 -1 1 -0.112051254746 14.0214269672
counter is 1758	counter is 1758
86	15 100 0 1.5 1 -1 -1.0030826076 -0.0330684441469
counter is 1759	counter is 1759
39	15 100 0 1.5 1 1 -1.21267461744 -0.398825515065
counter is 1760	counter is 1760
16	15 100 1.0 -1.5 -1 -1 -1.63735574808 -0.571678867551
counter is 1761	counter is 1761
55	15 100 1.0 -1.5 -1 1 -0.582384714235 -0.387108823955
counter is 1762	counter is 1762
523	15 100 1.0 -1.5 1 -1 0.156653915363 14.8913598299
counter is 1763	counter is 1763
482	15 100 1.0 -1.5 1 1 0.239031157193 15.4755499324
counter is 1764	counter is 1764
30	15 100 1.0 -1 -1 -1 -1.15807704749 -0.487978867551
counter is 1765	counter is 1765
70	15 100 1.0 -1 -1 1 -0.291518600955 0.399091176045
counter is 1766	counter is 1766
509	15 100 1.0 -1 1 -1 0.145947959953 14.8076598299
counter is 1767	counter is 1767
467	15 100 1.0 -1 1 1 0.232525962128 14.6893499324
counter is 1768	counter is 1768
86	15 100 1.0 0 -1 -1 -0.841260730573 -0.325150170109
counter is 1769	counter is 1769
158	15 100 1.0 0 -1 1 0.043352773201 3.48955993241
counter is 1770	counter is 1770
453	15 100 1.0 0 1 -1 0.180466039935 14.6972953584
counter is 1771	counter is 1771
379	15 100 1.0 0 1 1 0.18359518808 11.6185025815
counter is 1772	counter is 1772
230	15 100 1.0 1 -1 -1 -0.649729872584 0.180859829891
counter is 1773	counter is 1773
342	15 100 1.0 1 -1 1 0.267269247292 15.4683299324
counter is 1774	counter is 1774
309	15 100 1.0 1 1 -1 -0.0974523674829 14.1033457813
counter is 1775	counter is 1775
195	15 100 1.0 1 1 1 -1.45854708909 -0.430922749386
counter is 1776	counter is 1776
382	15 100 1.0 1.5 -1 -1 0.256513285546 10.0964698299
counter is 1777	counter is 1777
475	15 100 1.0 1.5 -1 1 0.257556720731 15.5711299324
counter is 1778	counter is 1778
157	15 100 1.0 1.5 1 -1 -0.414292798049 4.1957773363
counter is 1779	counter is 1779
62	15 100 1.0 1.5 1 1 -1.23240528008 -0.49015985969
counter is 1780	counter is 1780
12	15 100 1.3 -1.5 -1 -1 -1.0477743784 -0.524246955154
counter is 1781	counter is 1781
43	15 100 1.3 -1.5 -1 1 -1.29012815069 -0.513058823955
counter is 1782	counter is 1782
490	15 100 1.3 -1.5 1 -1 0.0458888059731 11.1667069672
counter is 1783	counter is 1783
458	15 100 1.3 -1.5 1 1 0.0974484040707 11.2847299324
counter is 1784	counter is 1784
24	15 100 1.3 -1 -1 -1 -0.776147040911 -0.485346955154
counter is 1785	counter is 1785
54	15 100 1.3 -1 -1 1 -0.439022828148 0.0125011760445
counter is 1786	counter is 1786
478	15 100 1.3 -1 1 -1 0.0395928979671 11.1278069672
counter is 1787	counter is 1787
447	15 100 1.3 -1 1 1 0.0894827340232 10.7591699324
counter is 1788	counter is 1788
68	15 100 1.3 0 -1 -1 -1.01726497342 -0.438333032751
counter is 1789	counter is 1789
130	15 100 1.3 0 -1 1 -0.325767628282 1.18488993241
counter is 1790	counter is 1790
434	15 100 1.3 0 1 -1 0.0669485163754 11.1293153584
counter is 1791	counter is 1791
371	15 100 1.3 0 1 1 0.0494235140178 9.60640258147
counter is 1792	counter is 1792
205	15 100 1.3 1 -1 -1 -0.724770491419 -0.00325303275139
counter is 1793	counter is 1793
271	15 100 1.3 1 -1 1 -0.089168037257 3.93058993241
counter is 1794	counter is 1794
297	15 100 1.3 1 1 -1 -0.224849456178 10.6062957813
counter is 1795	counter is 1795
230	15 100 1.3 1 1 1 -0.199269762553 6.79489578135
counter is 1796	counter is 1796
349	15 100 1.3 1.5 -1 -1 0.105101529452 5.13792696725
counter is 1797	counter is 1797
435	15 100 1.3 1.5 -1 1 0.113110753617 11.3995199324
counter is 1798	counter is 1798
153	15 100 1.3 1.5 1 -1 -0.380763012403 5.4731573363
counter is 1799	counter is 1799
66	15 100 1.3 1.5 1 1 -2.02671265594 -0.655253614207
counter is 1800	counter is 1800
12	15 100 1.5 -1.5 -1 -1 -0.91947866887 -0.524656955154
counter is 1801	counter is 1801
37	15 100 1.5 -1.5 -1 1 -1.64160328124 -0.560317972331
counter is 1802	counter is 1802
464	15 100 1.5 -1.5 1 -1 0.0332816322912 10.1334769672
counter is 1803	counter is 1803
438	15 100 1.5 -1.5 1 1 0.0989690045 10.5330847861
counter is 1804	counter is 1804
21	15 100 1.5 -1 -1 -1 -0.76428119455 -0.498146955154
counter is 1805	counter is 1805
49	15 100 1.5 -1 -1 1 -0.568589021836 -0.0780979723309
counter is 1806	counter is 1806
455	15 100 1.5 -1 1 -1 0.0275322111994 10.1069669672
counter is 1807	counter is 1807
426	15 100 1.5 -1 1 1 0.0960797228352 10.0508647861
counter is 1808	counter is 1808
63	15 100 1.5 0 -1 -1 -1.21305437469 -0.475063032751
counter is 1809	counter is 1809
118	15 100 1.5 0 -1 1 -0.378281431698 1.12109202767
counter is 1810	counter is 1810
413	15 100 1.5 0 1 -1 0.0529106369732 10.1324053584
counter is 1811	counter is 1811
357	15 100 1.5 0 1 1 0.11933930051 8.85855535844
counter is 1812	counter is 1812
185	15 100 1.5 1 -1 -1 -0.85762069537 -0.167703032751
counter is 1813	counter is 1813
237	15 100 1.5 1 -1 1 -0.261346263123 2.32472202767
counter is 1814	counter is 1814
291	15 100 1.5 1 1 -1 -0.234811843257 9.73710578135
counter is 1815	counter is 1815
238	15 100 1.5 1 1 1 -0.183228300055 7.56211725061
counter is 1816	counter is 1816
302	15 100 1.5 1.5 -1 -1 -0.964428066 -0.144973032751
counter is 1817	counter is 1817
402	15 100 1.5 1.5 -1 1 0.0665342384389 10.5741920277
counter is 1818	counter is 1818
174	15 100 1.5 1.5 1 -1 -0.20714522957 9.7224173363
counter is 1819	counter is 1819
73	15 100 1.5 1.5 1 1 -1.94444283505 -0.663713614207
counter is 1820	counter is 1820
44	15 250 -1.5 -1.5 -1 -1 -1.4729703649 -0.53499418343
counter is 1821	counter is 1821
186	15 250 -1.5 -1.5 -1 1 -0.263415962247 26.2063320277
counter is 1822	counter is 1822
315	15 250 -1.5 -1.5 1 -1 -0.122858052419 26.5107369672
counter is 1823	counter is 1823
172	15 250 -1.5 -1.5 1 1 -0.81031692755 0.130916967249
counter is 1824	counter is 1824
125	15 250 -1.5 -1 -1 -1 0.206082248299 14.6721541475
counter is 1825	counter is 1825
207	15 250 -1.5 -1 -1 1 -0.418205204357 26.2609820277
counter is 1826	counter is 1826
234	15 250 -1.5 -1 1 -1 0.303727474113 11.3339469672
counter is 1827	counter is 1827
151	15 250 -1.5 -1 1 1 -0.820660689166 0.0762669672486
counter is 1828	counter is 1828
232	15 250 -1.5 0 -1 -1 -0.163753809086 23.9414069672
counter is 1829	counter is 1829
257	15 250 -1.5 0 -1 1 -0.362710605133 26.3819969672
counter is 1830	counter is 1830
127	15 250 -1.5 0 1 -1 -0.0556726670166 2.10688535844
counter is 1831	counter is 1831
101	15 250 -1.5 0 1 1 -0.848845297302 -0.0410305491798
counter is 1832	counter is 1832
301	15 250 -1.5 1 -1 -1 -0.146134158643 25.8867569672
counter is 1833	counter is 1833
309	15 250 -1.5 1 -1 1 -0.675250039123 26.8107769672
counter is 1834	counter is 1834
58	15 250 -1.5 1 1 -1 -1.0260728009 0.114421555853
counter is 1835	counter is 1835
49	15 250 -1.5 1 1 1 -1.53268728238 -0.51631619326
counter is 1836	counter is 1836
336	15 250 -1.5 1.5 -1 -1 -0.140346745266 26.4283069672
counter is 1837	counter is 1837
341	15 250 -1.5 1.5 -1 1 -0.674869130129 26.9922569672
counter is 1838	counter is 1838
23	15 250 -1.5 1.5 1 -1 -1.30654571802 -0.427128444147
counter is 1839	counter is 1839
17	15 250 -1.5 1.5 1 1 -2.48875145817 -0.67691985969
counter is 1840	counter is 1840
39	15 250 -1.3 -1.5 -1 -1 -1.3269980984 -0.515127671798
counter is 1841	counter is 1841
175	15 250 -1.3 -1.5 -1 1 0.100032468803 23.1493920277
counter is 1842	counter is 1842
361	15 250 -1.3 -1.5 1 -1 0.192950697335 25.8233969672
counter is 1843	counter is 1843
226	15 250 -1.3 -1.5 1 1 -0.192663531796 2.69618696725
counter is 1844	counter is 1844
113	15 250 -1.3 -1 -1 -1 0.242076457895 8.15303414754
counter is 1845	counter is 1845
208	15 250 -1.3 -1 -1 1 0.128455032042 25.6074220277
counter is 1846	counter is 1846
287	15 250 -1.3 -1 1 -1 0.395914555471 17.1983369672
counter is 1847	counter is 1847
193	15 250 -1.3 -1 1 1 -0.746422693298 0.238156967249
counter is 1848	counter is 1848
244	15 250 -1.3 0 -1 -1 0.159984130563 22.3659469672
counter is 1849	counter is 1849
270	15 250 -1.3 0 -1 1 0.106333396106 25.7326169672
counter is 1850	counter is 1850
156	15 250 -1.3 0 1 -1 0.0126189537411 3.02761535844
counter is 1851	counter is 1851
131	15 250 -1.3 0 1 1 -0.754900055053 0.11667945082
counter is 1852	counter is 1852
326	15 250 -1.3 1 -1 -1 0.181967156827 25.0814969672
counter is 1853	counter is 1853
339	15 250 -1.3 1 -1 1 0.0806854379552 26.1202969672
counter is 1854	counter is 1854
74	15 250 -1.3 1 1 -1 -0.929380799687 0.264951555853
counter is 1855	counter is 1855
62	15 250 -1.3 1 1 1 -1.21837746715 -0.31750619326
counter is 1856	counter is 1856
369	15 250 -1.3 1.5 -1 -1 0.186754819698 25.7024269672
counter is 1857	counter is 1857
377	15 250 -1.3 1.5 -1 1 0.0834803434613 26.3870069672
counter is 1858	counter is 1858
31	15 250 -1.3 1.5 1 -1 -1.13975324707 -0.355978444147
counter is 1859	counter is 1859
24	15 250 -1.3 1.5 1 1 -1.75207322856 -0.56333985969
counter is 1860	counter is 1860
30	15 250 -1.0 -1.5 -1 -1 -0.668314736744 -0.377757972331
counter is 1861	counter is 1861
137	15 250 -1.0 -1.5 -1 1 0.0591820473432 18.7824220277
counter is 1862	counter is 1862
396	15 250 -1.0 -1.5 1 -1 0.138163110555 25.2219999324
counter is 1863	counter is 1863
290	15 250 -1.0 -1.5 1 1 0.193133615823 6.55727696725
counter is 1864	counter is 1864
80	15 250 -1.0 -1 -1 -1 -0.739558603308 -0.122327972331
counter is 1865	counter is 1865
179	15 250 -1.0 -1 -1 1 0.126901545804 24.7899520277
counter is 1866	counter is 1866
346	15 250 -1.0 -1 1 -1 0.17175636913 24.9665699324
counter is 1867	counter is 1867
248	15 250 -1.0 -1 1 1 -0.660898659316 0.549746967249
counter is 1868	counter is 1868
224	15 250 -1.0 0 -1 -1 0.368443823674 18.7615320277
counter is 1869	counter is 1869
254	15 250 -1.0 0 -1 1 0.050891225362 25.0564369672
counter is 1870	counter is 1870
202	15 250 -1.0 0 1 -1 0.0890081895775 6.06531945082
counter is 1871	counter is 1871
173	15 250 -1.0 0 1 1 -0.677445898052 0.28697945082
counter is 1872	counter is 1872
316	15 250 -1.0 1 -1 -1 0.0683888969275 23.9132020277
counter is 1873	counter is 1873
342	15 250 -1.0 1 -1 1 0.0235735718707 25.4155369672
counter is 1874	counter is 1874
110	15 250 -1.0 1 1 -1 -0.829625352467 0.849315781348
counter is 1875	counter is 1875
85	15 250 -1.0 1 1 1 -1.04307490234 -0.141312749386
counter is 1876	counter is 1876
381	15 250 -1.0 1.5 -1 -1 0.0818952431777 25.1273220277
counter is 1877	counter is 1877
401	15 250 -1.0 1.5 -1 1 0.0264078748981 25.6325969672
counter is 1878	counter is 1878
45	15 250 -1.0 1.5 1 -1 -1.16394913355 -0.346033614207
counter is 1879	counter is 1879
26	15 250 -1.0 1.5 1 1 -0.929311400708 -0.345472663699
counter is 1880	counter is 1880
21	15 250 0 -1.5 -1 -1 -1.06969309273 -0.460646955154
counter is 1881	counter is 1881
97	15 250 0 -1.5 -1 1 0.0766521452351 4.94670202767
counter is 1882	counter is 1882
454	15 250 0 -1.5 1 -1 0.327394917756 28.6367299324
counter is 1883	counter is 1883
378	15 250 0 -1.5 1 1 0.146879680052 23.9906269672
counter is 1884	counter is 1884
41	15 250 0 -1 -1 -1 -0.950575377422 -0.394996955154
counter is 1885	counter is 1885
123	15 250 0 -1 -1 1 0.356505170273 9.21175202767
counter is 1886	counter is 1886
434	15 250 0 -1 1 -1 0.325244922236 28.5710799324
counter is 1887	counter is 1887
352	15 250 0 -1 1 1 0.11462274418 19.7255769672
counter is 1888	counter is 1888
125	15 250 0 0 -1 -1 -0.798001614572 0.0578699324109
counter is 1889	counter is 1889
239	15 250 0 0 -1 1 0.104511527457 28.7131469672
counter is 1890	counter is 1890
350	15 250 0 0 1 -1 0.344972597323 28.1667353584
counter is 1891	counter is 1891
236	15 250 0 0 1 1 -0.85236298925 0.229362581472
counter is 1892	counter is 1892
286	15 250 0 1 -1 -1 0.280391978517 23.0063099324
counter is 1893	counter is 1893
360	15 250 0 1 -1 1 0.0804344387843 28.9444469672
counter is 1894	counter is 1894
189	15 250 0 1 1 -1 -0.329515349221 5.13035578135
counter is 1895	counter is 1895
115	15 250 0 1 1 1 -1.0651334453 -0.0677342186524
counter is 1896	counter is 1896
389	15 250 0 1.5 -1 -1 0.318222181114 27.1045899324
counter is 1897	counter is 1897
436	15 250 0 1.5 -1 1 0.0867643893719 29.5465369672
counter is 1898	counter is 1898
86	15 250 0 1.5 1 -1 -0.546349954474 1.07290155585
counter is 1899	counter is 1899
39	15 250 0 1.5 1 1 -1.81566654531 -0.560805515065
counter is 1900	counter is 1900
16	15 250 1.0 -1.5 -1 -1 -1.79516068756 -0.610628867551
counter is 1901	counter is 1901
55	15 250 1.0 -1.5 -1 1 -0.86194188292 -0.338628823955
counter is 1902	counter is 1902
523	15 250 1.0 -1.5 1 -1 0.381671999627 34.0144598299
counter is 1903	counter is 1903
482	15 250 1.0 -1.5 1 1 0.443063965308 33.4805699324
counter is 1904	counter is 1904
30	15 250 1.0 -1 -1 -1 -1.41494609711 -0.522088867551
counter is 1905	counter is 1905
70	15 250 1.0 -1 -1 1 -0.190122917364 1.27909117604
counter is 1906	counter is 1906
509	15 250 1.0 -1 1 -1 0.373764596556 33.9259198299
counter is 1907	counter is 1907
467	15 250 1.0 -1 1 1 0.43796809529 31.8628499324
counter is 1908	counter is 1908
86	15 250 1.0 0 -1 -1 -1.24153886763 -0.425700170109
counter is 1909	counter is 1909
158	15 250 1.0 0 -1 1 0.209486157913 7.01278993241
counter is 1910	counter is 1910
453	15 250 1.0 0 1 -1 0.412886806867 33.8819953584
counter is 1911	counter is 1911
379	15 250 1.0 0 1 1 0.40260246637 26.1487725815
counter is 1912	counter is 1912
230	15 250 1.0 1 -1 -1 -0.669693143278 0.575159829891
counter is 1913	counter is 1913
342	15 250 1.0 1 -1 1 0.466731495923 33.1790699324
counter is 1914	counter is 1914
309	15 250 1.0 1 1 -1 0.154432358307 32.7931957813
counter is 1915	counter is 1915
195	15 250 1.0 1 1 1 -1.21483585029 -0.0881627493859
counter is 1916	counter is 1916
382	15 250 1.0 1.5 -1 -1 0.400232398756 21.0908198299
counter is 1917	counter is 1917
475	15 250 1.0 1.5 -1 1 0.456586334481 33.5015999324
counter is 1918	counter is 1918
157	15 250 1.0 1.5 1 -1 -0.0423676887516 12.2855773363
counter is 1919	counter is 1919
62	15 250 1.0 1.5 1 1 -1.02874295621 -0.36712985969
counter is 1920	counter is 1920
12	15 250 1.3 -1.5 -1 -1 -1.06287290685 -0.508846955154
counter is 1921	counter is 1921
43	15 250 1.3 -1.5 -1 1 -1.32531909934 -0.503498823955
counter is 1922	counter is 1922
490	15 250 1.3 -1.5 1 -1 0.333117068969 29.4398069672
counter is 1923	counter is 1923
458	15 250 1.3 -1.5 1 1 0.386292720815 29.1826699324
counter is 1924	counter is 1924
24	15 250 1.3 -1 -1 -1 -0.596974156939 -0.414226955154
counter is 1925	counter is 1925
54	15 250 1.3 -1 -1 1 -0.339664232469 0.478881176045
counter is 1926	counter is 1926
478	15 250 1.3 -1 1 -1 0.326652161691 29.3451869672
counter is 1927	counter is 1927
447	15 250 1.3 -1 1 1 0.38527806495 28.2002899324
counter is 1928	counter is 1928
68	15 250 1.3 0 -1 -1 -1.31984551478 -0.481023032751
counter is 1929	counter is 1929
130	15 250 1.3 0 -1 1 0.0525664901897 3.57911993241
counter is 1930	counter is 1930
434	15 250 1.3 0 1 -1 0.357678888056 29.4605053584
counter is 1931	counter is 1931
371	15 250 1.3 0 1 1 0.350065754585 25.1196625815
counter is 1932	counter is 1932
205	15 250 1.3 1 -1 -1 -0.775073976122 0.225556967249
counter is 1933	counter is 1933
271	15 250 1.3 1 -1 1 0.276155726216 11.2857099324
counter is 1934	counter is 1934
297	15 250 1.3 1 1 -1 0.0876078392917 28.6659857813
counter is 1935	counter is 1935
230	15 250 1.3 1 1 1 0.10612724246 17.3472857813
counter is 1936	counter is 1936
349	15 250 1.3 1.5 -1 -1 0.269795481342 11.4588769672
counter is 1937	counter is 1937
435	15 250 1.3 1.5 -1 1 0.399075375956 29.1952799324
counter is 1938	counter is 1938
153	15 250 1.3 1.5 1 -1 0.0160299004021 17.4407073363
counter is 1939	counter is 1939
66	15 250 1.3 1.5 1 1 -1.61309421185 -0.543513614207
counter is 1940	counter is 1940
12	15 250 1.5 -1.5 -1 -1 -1.67911274021 -0.568756955154
counter is 1941	counter is 1941
37	15 250 1.5 -1.5 -1 1 -1.9307642472 -0.634167972331
counter is 1942	counter is 1942
464	15 250 1.5 -1.5 1 -1 0.31241414068 26.6204869672
counter is 1943	counter is 1943
438	15 250 1.5 -1.5 1 1 0.374219781378 26.9254347861
counter is 1944	counter is 1944
21	15 250 1.5 -1 -1 -1 -0.789391022702 -0.467546955154
counter is 1945	counter is 1945
49	15 250 1.5 -1 -1 1 -0.492041511348 0.263042027669
counter is 1946	counter is 1946
455	15 250 1.5 -1 1 -1 0.306128466934 26.5192769672
counter is 1947	counter is 1947
426	15 250 1.5 -1 1 1 0.375600423536 26.0282247861
counter is 1948	counter is 1948
63	15 250 1.5 0 -1 -1 -1.58846866638 -0.581873032751
counter is 1949	counter is 1949
118	15 250 1.5 0 -1 1 -0.00514102904669 3.37190202767
counter is 1950	counter is 1950
413	15 250 1.5 0 1 -1 0.33532448967 26.6821253584
counter is 1951	counter is 1951
357	15 250 1.5 0 1 1 0.385399241086 22.9262353584
counter is 1952	counter is 1952
185	15 250 1.5 1 -1 -1 -0.956578773328 -0.104803032751
counter is 1953	counter is 1953
237	15 250 1.5 1 -1 1 0.145693270333 7.30823202767
counter is 1954	counter is 1954
291	15 250 1.5 1 1 -1 0.0669498512955 26.1171157813
counter is 1955	counter is 1955
238	15 250 1.5 1 1 1 0.0700850275405 18.8971172506
counter is 1956	counter is 1956
302	15 250 1.5 1.5 -1 -1 -0.791232482474 0.294596967249
counter is 1957	counter is 1957
402	15 250 1.5 1.5 -1 1 0.338565182164 26.9084820277
counter is 1958	counter is 1958
174	15 250 1.5 1.5 1 -1 0.095804070721 25.7257573363
counter is 1959	counter is 1959
73	15 250 1.5 1.5 1 1 -1.79239363683 -0.679503614207
counter is 1960	counter is 1960
50	20 1 -1.5 -1.5 -1 -1 -0.787532937016 -0.413331971023
counter is 1961	counter is 1961
142	20 1 -1.5 -1.5 -1 1 -0.331143566431 -0.112457769215
counter is 1962	counter is 1962
247	20 1 -1.5 -1.5 1 -1 -1.29193652392 -0.463460194708
counter is 1963	counter is 1963
156	20 1 -1.5 -1.5 1 1 -2.38198008073 -0.566043465305
counter is 1964	counter is 1964
106	20 1 -1.5 -1 -1 -1 -0.449151333103 -0.233476285858
counter is 1965	counter is 1965
173	20 1 -1.5 -1 -1 1 -0.282300841859 -0.0978177692152
counter is 1966	counter is 1966
191	20 1 -1.5 -1 1 -1 -1.76148467922 -0.623680194708
counter is 1967	counter is 1967
125	20 1 -1.5 -1 1 1 -2.80390643469 -0.580683465305
counter is 1968	counter is 1968
198	20 1 -1.5 0 -1 -1 -1.33688872946 -0.444511685864
counter is 1969	counter is 1969
215	20 1 -1.5 0 -1 1 -0.502631839779 -0.179329025063
counter is 1970	counter is 1970
99	20 1 -1.5 0 1 -1 -1.10529201161 -0.499302460691
counter is 1971	counter is 1971
83	20 1 -1.5 0 1 1 -2.74568055267 -0.602268320565
counter is 1972	counter is 1972
243	20 1 -1.5 1 -1 -1 -1.05175768515 -0.341841685864
counter is 1973	counter is 1973
258	20 1 -1.5 1 -1 1 -0.74554621332 -0.295270772328
counter is 1974	counter is 1974
54	20 1 -1.5 1 1 -1 -1.52908924838 -0.585947883498
counter is 1975	counter is 1975
40	20 1 -1.5 1 1 1 -2.63166375645 -0.586578605689
counter is 1976	counter is 1976
276	20 1 -1.5 1.5 -1 -1 -1.229154778 -0.439710194708
counter is 1977	counter is 1977
282	20 1 -1.5 1.5 -1 1 -0.785934613515 -0.307360772328
counter is 1978	counter is 1978
21	20 1 -1.5 1.5 1 -1 -2.311852033 -0.470602710378
counter is 1979	counter is 1979
16	20 1 -1.5 1.5 1 1 -1.75120221506 -0.525397222353
counter is 1980	counter is 1980
46	20 1 -1.3 -1.5 -1 -1 -0.10810357954 -0.379309974815
counter is 1981	counter is 1981
133	20 1 -1.3 -1.5 -1 1 -0.928372061234 -0.304317769215
counter is 1982	counter is 1982
277	20 1 -1.3 -1.5 1 -1 -1.49655006788 -0.542959065044
counter is 1983	counter is 1983
191	20 1 -1.3 -1.5 1 1 -1.57823627676 -0.524913497447
counter is 1984	counter is 1984
98	20 1 -1.3 -1 -1 -1 -0.272428216106 -0.239768712603
counter is 1985	counter is 1985
168	20 1 -1.3 -1 -1 1 -0.803942172591 -0.264037769215
counter is 1986	counter is 1986
225	20 1 -1.3 -1 1 -1 -1.94623450123 -0.701399065044
counter is 1987	counter is 1987
156	20 1 -1.3 -1 1 1 -2.80380041122 -0.565193497447
counter is 1988	counter is 1988
197	20 1 -1.3 0 -1 -1 -1.50268286901 -0.50903758111
counter is 1989	counter is 1989
211	20 1 -1.3 0 -1 1 -0.805117804229 -0.260694418336
counter is 1990	counter is 1990
126	20 1 -1.3 0 1 -1 -1.19499508643 -0.512832460691
counter is 1991	counter is 1991
113	20 1 -1.3 0 1 1 -2.96763128456 -0.600407351972
counter is 1992	counter is 1992
255	20 1 -1.3 1 -1 -1 -1.26482122316 -0.42259758111
counter is 1993	counter is 1993
267	20 1 -1.3 1 -1 1 -1.17582154562 -0.430573497447
counter is 1994	counter is 1994
68	20 1 -1.3 1 1 -1 -1.35727980927 -0.524084555918
counter is 1995	counter is 1995
57	20 1 -1.3 1 1 1 -2.41064953983 -0.579712956309
counter is 1996	counter is 1996
298	20 1 -1.3 1.5 -1 -1 -1.43076914374 -0.516849065044
counter is 1997	counter is 1997
304	20 1 -1.3 1.5 -1 1 -1.19374567409 -0.436023497447
counter is 1998	counter is 1998
25	20 1 -1.3 1.5 1 -1 -2.37657575283 -0.499467783668
counter is 1999	counter is 1999
20	20 1 -1.3 1.5 1 1 -2.29257668941 -0.529377222353
counter is 2000	counter is 2000
32	20 1 -1.0 -1.5 -1 -1 -0.518539418601 -0.390379974815
counter is 2001	counter is 2001
111	20 1 -1.0 -1.5 -1 1 -1.35836842993 -0.413884708159
counter is 2002	counter is 2002
324	20 1 -1.0 -1.5 1 -1 -1.36087652606 -0.491659227446
counter is 2003	counter is 2003
246	20 1 -1.0 -1.5 1 1 -0.618118588415 -0.338788534891
counter is 2004	counter is 2004
71	20 1 -1.0 -1 -1 -1 -1.6687601795 -0.422648712603
counter is 2005	counter is 2005
160	20 1 -1.0 -1 -1 1 -0.601594157873 -0.199064708159
counter is 2006	counter is 2006
285	20 1 -1.0 -1 1 -1 -1.33095041941 -0.478289227446
counter is 2007	counter is 2007
197	20 1 -1.0 -1 1 1 -2.21900750735 -0.553608534891
counter is 2008	counter is 2008
201	20 1 -1.0 0 -1 -1 -1.19354252514 -0.397951839976
counter is 2009	counter is 2009
220	20 1 -1.0 0 -1 1 -0.596985155443 -0.195430234484
counter is 2010	counter is 2010
155	20 1 -1.0 0 1 -1 -1.33376134747 -0.489794641558
counter is 2011	counter is 2011
137	20 1 -1.0 0 1 1 -2.19584296457 -0.611175242521
counter is 2012	counter is 2012
270	20 1 -1.0 1 -1 -1 -1.31274028543 -0.462122984962
counter is 2013	counter is 2013
286	20 1 -1.0 1 -1 1 -0.964414118439 -0.365708534891
counter is 2014	counter is 2014
86	20 1 -1.0 1 1 -1 -1.8351806221 -0.585483614207
counter is 2015	counter is 2015
71	20 1 -1.0 1 1 1 -2.62020893546 -0.581412956309
counter is 2016	counter is 2016
319	20 1 -1.0 1.5 -1 -1 -1.33322864803 -0.479329227446
counter is 2017	counter is 2017
335	20 1 -1.0 1.5 -1 1 -1.01016124822 -0.380048534891
counter is 2018	counter is 2018
37	20 1 -1.0 1.5 1 -1 -2.44557134899 -0.540867179615
counter is 2019	counter is 2019
22	20 1 -1.0 1.5 1 1 -1.17332738556 -0.522187222353
counter is 2020	counter is 2020
20	20 1 0 -1.5 -1 -1 0.0187242316635 -0.382399043924
counter is 2021	counter is 2021
64	20 1 0 -1.5 -1 1 -1.26666712406 -0.376517750357
counter is 2022	counter is 2022
370	20 1 0 -1.5 1 -1 -1.90314806066 -0.648229227446
counter is 2023	counter is 2023
325	20 1 0 -1.5 1 1 -1.88988904973 -0.685879227446
counter is 2024	counter is 2024
39	20 1 0 -1 -1 -1 0.0835773341031 -0.378569043924
counter is 2025	counter is 2025
95	20 1 0 -1 -1 1 -1.28151586598 -0.386317750357
counter is 2026	counter is 2026
351	20 1 0 -1 1 -1 -1.91703691022 -0.652059227446
counter is 2027	counter is 2027
294	20 1 0 -1 1 1 -1.95374518092 -0.676079227446
counter is 2028	counter is 2028
98	20 1 0 0 -1 -1 -1.77040594694 -0.444291839976
counter is 2029	counter is 2029
180	20 1 0 0 -1 1 -1.6049248897 -0.531364736991
counter is 2030	counter is 2030
292	20 1 0 0 1 -1 -1.75910103221 -0.599884641558
counter is 2031	counter is 2031
209	20 1 0 0 1 1 -1.30956968407 -0.580434218652
counter is 2032	counter is 2032
232	20 1 0 1 -1 -1 -2.02656123189 -0.663662984962
counter is 2033	counter is 2033
293	20 1 0 1 -1 1 -1.88833041433 -0.688058534891
counter is 2034	counter is 2034
158	20 1 0 1 1 -1 -1.15255988026 -0.548487883498
counter is 2035	counter is 2035
96	20 1 0 1 1 1 -1.57255585931 -0.57967619326
counter is 2036	counter is 2036
308	20 1 0 1.5 -1 -1 -1.85976485272 -0.635419227446
counter is 2037	counter is 2037
353	20 1 0 1.5 -1 1 -1.88030537886 -0.685539227446
counter is 2038	counter is 2038
82	20 1 0 1.5 1 -1 -2.14271579203 -0.575266329714
counter is 2039	counter is 2039
36	20 1 0 1.5 1 1 -1.9410344843 -0.554922268063
counter is 2040	counter is 2040
11	20 1 1.0 -1.5 -1 -1 -0.18991390735 -0.398257844427
counter is 2041	counter is 2041
50	20 1 1.0 -1.5 -1 1 -0.398986307063 -0.364757750357
counter is 2042	counter is 2042
469	20 1 1.0 -1.5 1 -1 -1.3289491723 -0.487879227446
counter is 2043	counter is 2043
429	20 1 1.0 -1.5 1 1 -0.874252259794 -0.326659170427
counter is 2044	counter is 2044
22	20 1 1.0 -1 -1 -1 0.136801610439 -0.35923636366
counter is 2045	counter is 2045
67	20 1 1.0 -1 -1 1 -1.14006071647 -0.365627750357
counter is 2046	counter is 2046
458	20 1 1.0 -1 1 -1 -1.34058619061 -0.490939227446
counter is 2047	counter is 2047
412	20 1 1.0 -1 1 1 -0.856489202518 -0.325789170427
counter is 2048	counter is 2048
71	20 1 1.0 0 -1 -1 -1.89099552005 -0.453741839976
counter is 2049	counter is 2049
123	20 1 1.0 0 -1 1 -1.11324046387 -0.340660179708
counter is 2050	counter is 2050
409	20 1 1.0 0 1 -1 -1.10143428007 -0.422944641558
counter is 2051	counter is 2051
356	20 1 1.0 0 1 1 -1.11195925224 -0.40076570032
counter is 2052	counter is 2052
200	20 1 1.0 1 -1 -1 -1.82981048715 -0.530942984962
counter is 2053	counter is 2053
314	20 1 1.0 1 -1 1 -0.820064914226 -0.308679170427
counter is 2054	counter is 2054
280	20 1 1.0 1 1 -1 -1.46243257947 -0.516332663699
counter is 2055	counter is 2055
165	20 1 1.0 1 1 1 -1.97214699587 -0.578402956309
counter is 2056	counter is 2056
344	20 1 1.0 1.5 -1 -1 -1.78973617884 -0.592759227446
counter is 2057	counter is 2057
421	20 1 1.0 1.5 -1 1 -0.815897055626 -0.307169170427
counter is 2058	counter is 2058
136	20 1 1.0 1.5 1 -1 -0.884334169741 -0.429392175621
counter is 2059	counter is 2059
58	20 1 1.0 1.5 1 1 -2.48853541 -0.533625462946
counter is 2060	counter is 2060
15	20 1 1.3 -1.5 -1 -1 -0.3207615096 -0.370726015244
counter is 2061	counter is 2061
35	20 1 1.3 -1.5 -1 1 -0.475999768884 -0.366767750357
counter is 2062	counter is 2062
448	20 1 1.3 -1.5 1 -1 -0.697705150731 -0.337629227446
counter is 2063	counter is 2063
428	20 1 1.3 -1.5 1 1 -1.1394754571 -0.427015213908
counter is 2064	counter is 2064
23	20 1 1.3 -1 -1 -1 0.15286110137 -0.363666015244
counter is 2065	counter is 2065
52	20 1 1.3 -1 -1 1 -0.555692219326 -0.320247750357
counter is 2066	counter is 2066
440	20 1 1.3 -1 1 -1 -0.727489430364 -0.344689227446
counter is 2067	counter is 2067
411	20 1 1.3 -1 1 1 -1.29482056317 -0.473535213908
counter is 2068	counter is 2068
64	20 1 1.3 0 -1 -1 -0.560891229566 -0.338526781452
counter is 2069	counter is 2069
106	20 1 1.3 0 -1 1 -0.70477913483 -0.295611574653
counter is 2070	counter is 2070
399	20 1 1.3 0 1 -1 -0.671780965589 -0.325314641558
counter is 2071	counter is 2071
357	20 1 1.3 0 1 1 -1.59284595573 -0.553302749386
counter is 2072	counter is 2072
176	20 1 1.3 1 -1 -1 -1.30886022086 -0.500042984962
counter is 2073	counter is 2073
265	20 1 1.3 1 -1 1 -1.11923292523 -0.444423497447
counter is 2074	counter is 2074
287	20 1 1.3 1 1 -1 -0.93298723405 -0.399822663699
counter is 2075	counter is 2075
198	20 1 1.3 1 1 1 -1.61415253638 -0.55472619326
counter is 2076	counter is 2076
302	20 1 1.3 1.5 -1 -1 -1.09995170362 -0.477509227446
counter is 2077	counter is 2077
393	20 1 1.3 1.5 -1 1 -1.08165799444 -0.410675213908
counter is 2078	counter is 2078
161	20 1 1.3 1.5 1 -1 -0.940373556848 -0.397232175621
counter is 2079	counter is 2079
70	20 1 1.3 1.5 1 1 -2.206883059 -0.561172268063
counter is 2080	counter is 2080
10	20 1 1.5 -1.5 -1 -1 -0.705887021145 -0.377686015244
counter is 2081	counter is 2081
20	20 1 1.5 -1.5 -1 1 -1.37237103965 -0.375327750357
counter is 2082	counter is 2082
419	20 1 1.5 -1.5 1 -1 -0.760502748344 -0.341089227446
counter is 2083	counter is 2083
411	20 1 1.5 -1.5 1 1 -1.66061630425 -0.573429227446
counter is 2084	counter is 2084
17	20 1 1.5 -1 -1 -1 -0.00277599242772 -0.370616015244
counter is 2085	counter is 2085
40	20 1 1.5 -1 -1 1 -0.710460016225 -0.332927750357
counter is 2086	counter is 2086
412	20 1 1.5 -1 1 -1 -0.788520487042 -0.348159227446
counter is 2087	counter is 2087
391	20 1 1.5 -1 1 1 -1.84229687212 -0.615829227446
counter is 2088	counter is 2088
52	20 1 1.5 0 -1 -1 0.258608011553 -0.336026781452
counter is 2089	counter is 2089
90	20 1 1.5 0 -1 1 -0.799662959998 -0.311014736991
counter is 2090	counter is 2090
377	20 1 1.5 0 1 -1 -0.775502774762 -0.338234641558
counter is 2091	counter is 2091
341	20 1 1.5 0 1 1 -1.82586332928 -0.599204641558
counter is 2092	counter is 2092
151	20 1 1.5 1 -1 -1 -1.06699789933 -0.495352984962
counter is 2093	counter is 2093
223	20 1 1.5 1 -1 1 -1.14137671334 -0.470568534891
counter is 2094	counter is 2094
278	20 1 1.5 1 1 -1 -1.05089300859 -0.414932663699
counter is 2095	counter is 2095
208	20 1 1.5 1 1 1 -2.25006040903 -0.682583614207
counter is 2096	counter is 2096
257	20 1 1.5 1.5 -1 -1 -1.36648525907 -0.522239227446
counter is 2097	counter is 2097
354	20 1 1.5 1.5 -1 1 -1.60846227558 -0.560059227446
counter is 2098	counter is 2098
172	20 1 1.5 1.5 1 -1 -0.938336680905 -0.362922175621
counter is 2099	counter is 2099
77	20 1 1.5 1.5 1 1 -2.39632133274 -0.582636329714
counter is 2100	counter is 2100
50	20 5 -1.5 -1.5 -1 -1 -0.398552759243 -0.444622908073
counter is 2101	counter is 2101
142	20 5 -1.5 -1.5 -1 1 -0.694221275561 -0.043436817117
counter is 2102	counter is 2102
247	20 5 -1.5 -1.5 1 -1 -1.38900094901 -0.549330194708
counter is 2103	counter is 2103
156	20 5 -1.5 -1.5 1 1 -1.75172101739 -0.56150054918
counter is 2104	counter is 2104
106	20 5 -1.5 -1 -1 -1 -0.952252591678 -0.234939129098
counter is 2105	counter is 2105
173	20 5 -1.5 -1 -1 1 -0.785202063311 -0.103016817117
counter is 2106	counter is 2106
191	20 5 -1.5 -1 1 -1 -1.86876962242 -0.728910194708
counter is 2107	counter is 2107
125	20 5 -1.5 -1 1 1 -1.12059542853 -0.50192054918
counter is 2108	counter is 2108
198	20 5 -1.5 0 -1 -1 -1.23184602693 -0.472612112391
counter is 2109	counter is 2109
215	20 5 -1.5 0 -1 1 -0.803487217816 -0.103369144606
counter is 2110	counter is 2110
99	20 5 -1.5 0 1 -1 -1.42742100492 -0.544532460691
counter is 2111	counter is 2111
83	20 5 -1.5 0 1 1 -1.32412117196 -0.563133762574
counter is 2112	counter is 2112
243	20 5 -1.5 1 -1 -1 -1.18921481619 -0.434602112391
counter is 2113	counter is 2113
258	20 5 -1.5 1 -1 1 -0.967379196415 -0.183198823955
counter is 2114	counter is 2114
54	20 5 -1.5 1 1 -1 -1.26721552461 -0.566517883498
counter is 2115	counter is 2115
40	20 5 -1.5 1 1 1 -1.50551467466 -0.577433762574
counter is 2116	counter is 2116
276	20 5 -1.5 1.5 -1 -1 -1.32916861645 -0.497520194708
counter is 2117	counter is 2117
282	20 5 -1.5 1.5 -1 1 -0.954691453906 -0.170298823955
counter is 2118	counter is 2118
21	20 5 -1.5 1.5 1 -1 -1.80069810892 -0.488681381247
counter is 2119	counter is 2119
16	20 5 -1.5 1.5 1 1 -1.80598099315 -0.540753059432
counter is 2120	counter is 2120
46	20 5 -1.3 -1.5 -1 -1 -0.369107302855 -0.414273615093
counter is 2121	counter is 2121
133	20 5 -1.3 -1.5 -1 1 -1.22004312187 -0.411116817117
counter is 2122	counter is 2122
277	20 5 -1.3 -1.5 1 -1 -1.75304167188 -0.920549065044
counter is 2123	counter is 2123
191	20 5 -1.3 -1.5 1 1 -1.04067205275 -0.423035213908
counter is 2124	counter is 2124
98	20 5 -1.3 -1 -1 -1 -1.54155032823 -0.580526560777
counter is 2125	counter is 2125
168	20 5 -1.3 -1 -1 1 -1.08302279233 -0.325456817117
counter is 2126	counter is 2126
225	20 5 -1.3 -1 1 -1 -1.87034894252 -0.764439065044
counter is 2127	counter is 2127
156	20 5 -1.3 -1 1 1 -1.35840142864 -0.508695213908
counter is 2128	counter is 2128
197	20 5 -1.3 0 -1 -1 -1.55819783821 -0.813035710655
counter is 2129	counter is 2129
211	20 5 -1.3 0 -1 1 -0.986656979419 -0.289553490908
counter is 2130	counter is 2130
126	20 5 -1.3 0 1 -1 -1.63985645829 -0.578842460691
counter is 2131	counter is 2131
113	20 5 -1.3 0 1 1 -1.63613070493 -0.57529619326
counter is 2132	counter is 2132
255	20 5 -1.3 1 -1 -1 -1.5265420064 -0.766845710655
counter is 2133	counter is 2133
267	20 5 -1.3 1 -1 1 -1.21002444409 -0.406785213908
counter is 2134	counter is 2134
68	20 5 -1.3 1 1 -1 -2.08371461735 -0.549844555918
counter is 2135	counter is 2135
57	20 5 -1.3 1 1 1 -1.31604985616 -0.56066619326
counter is 2136	counter is 2136
298	20 5 -1.3 1.5 -1 -1 -1.68465774421 -0.852789065044
counter is 2137	counter is 2137
304	20 5 -1.3 1.5 -1 1 -1.16140372737 -0.373045213908
counter is 2138	counter is 2138
25	20 5 -1.3 1.5 1 -1 -2.4356494556 -0.510297826403
counter is 2139	counter is 2139
20	20 5 -1.3 1.5 1 1 -2.11866922011 -0.549073059432
counter is 2140	counter is 2140
32	20 5 -1.0 -1.5 -1 -1 -0.110310489013 -0.439153615093
counter is 2141	counter is 2141
111	20 5 -1.0 -1.5 -1 1 -0.86839977104 -0.231138042688
counter is 2142	counter is 2142
324	20 5 -1.0 -1.5 1 -1 -1.67596076618 -0.911009227446
counter is 2143	counter is 2143
246	20 5 -1.0 -1.5 1 1 -0.772235503881 -0.147669227446
counter is 2144	counter is 2144
71	20 5 -1.0 -1 -1 -1 -1.86129212613 -0.505576560777
counter is 2145	counter is 2145
160	20 5 -1.0 -1 -1 1 -0.511131325557 0.0967919573119
counter is 2146	counter is 2146
285	20 5 -1.0 -1 1 -1 -1.63661637455 -0.854729227446
counter is 2147	counter is 2147
197	20 5 -1.0 -1 1 1 -0.968023927148 -0.475599227446
counter is 2148	counter is 2148
201	20 5 -1.0 0 -1 -1 -1.50561353771 -0.793909643851
counter is 2149	counter is 2149
220	20 5 -1.0 0 -1 1 -0.45113348079 0.129858394123
counter is 2150	counter is 2150
155	20 5 -1.0 0 1 -1 -1.47701929196 -0.519524641558
counter is 2151	counter is 2151
137	20 5 -1.0 0 1 1 -1.19643219949 -0.561952749386
counter is 2152	counter is 2152
270	20 5 -1.0 1 -1 -1 -1.66403016797 -0.888433666876
counter is 2153	counter is 2153
286	20 5 -1.0 1 -1 1 -0.656322854851 0.0623207725542
counter is 2154	counter is 2154
86	20 5 -1.0 1 1 -1 -1.71227711652 -0.580373614207
counter is 2155	counter is 2155
71	20 5 -1.0 1 1 1 -2.08632597327 -0.59724619326
counter is 2156	counter is 2156
319	20 5 -1.0 1.5 -1 -1 -1.66957215854 -0.897309227446
counter is 2157	counter is 2157
335	20 5 -1.0 1.5 -1 1 -0.657537327372 0.0633307725542
counter is 2158	counter is 2158
37	20 5 -1.0 1.5 1 -1 -1.58180271485 -0.526490227539
counter is 2159	counter is 2159
22	20 5 -1.0 1.5 1 1 -2.37234973826 -0.552923059432
counter is 2160	counter is 2160
20	20 5 0 -1.5 -1 -1 -1.54436913593 -0.421602982021
counter is 2161	counter is 2161
64	20 5 0 -1.5 -1 1 -0.357426685534 -0.153497769215
counter is 2162	counter is 2162
370	20 5 0 -1.5 1 -1 -0.638162773798 0.0964607725542
counter is 2163	counter is 2163
325	20 5 0 -1.5 1 1 -0.516583284862 0.124410772554
counter is 2164	counter is 2164
39	20 5 0 -1 -1 -1 -1.25373833989 -0.414912982021
counter is 2165	counter is 2165
95	20 5 0 -1 -1 1 -0.222095575261 0.0256622307848
counter is 2166	counter is 2166
351	20 5 0 -1 1 -1 -0.641988658773 0.0897707725542
counter is 2167	counter is 2167
294	20 5 0 -1 1 1 -0.669776927216 -0.0547392274458
counter is 2168	counter is 2168
98	20 5 0 0 -1 -1 -1.89993468479 -0.481429643851
counter is 2169	counter is 2169
180	20 5 0 0 -1 1 0.113434505271 0.508482882912
counter is 2170	counter is 2170
292	20 5 0 0 1 -1 -0.559425708891 0.150645358442
counter is 2171	counter is 2171
209	20 5 0 0 1 1 -1.66011088325 -0.586704218652
counter is 2172	counter is 2172
232	20 5 0 1 -1 -1 -0.578398298414 0.101146333124
counter is 2173	counter is 2173
293	20 5 0 1 -1 1 -0.200860980665 0.410330772554
counter is 2174	counter is 2174
158	20 5 0 1 1 -1 -1.77903356196 -0.595417883498
counter is 2175	counter is 2175
96	20 5 0 1 1 1 -2.69039487112 -0.63611619326
counter is 2176	counter is 2176
308	20 5 0 1.5 -1 -1 -0.499186300756 0.160770772554
counter is 2177	counter is 2177
353	20 5 0 1.5 -1 1 -0.216255918428 0.404270772554
counter is 2178	counter is 2178
82	20 5 0 1.5 1 -1 -2.11591125969 -0.631148444147
counter is 2179	counter is 2179
36	20 5 0 1.5 1 1 -2.98261240323 -0.612280069637
counter is 2180	counter is 2180
11	20 5 1.0 -1.5 -1 -1 -0.729026989173 -0.466177501373
counter is 2181	counter is 2181
50	20 5 1.0 -1.5 -1 1 -0.126362482104 -0.356507769215
counter is 2182	counter is 2182
469	20 5 1.0 -1.5 1 -1 -0.814795397883 0.0241607725542
counter is 2183	counter is 2183
429	20 5 1.0 -1.5 1 1 -0.108619423819 0.610150934956
counter is 2184	counter is 2184
22	20 5 1.0 -1 -1 -1 -0.76208347485 -0.429434303272
counter is 2185	counter is 2185
67	20 5 1.0 -1 -1 1 -1.12622221396 -0.365027769215
counter is 2186	counter is 2186
458	20 5 1.0 -1 1 -1 -0.814669173224 0.0251207725542
counter is 2187	counter is 2187
412	20 5 1.0 -1 1 1 -0.0619368813027 0.618670934956
counter is 2188	counter is 2188
71	20 5 1.0 0 -1 -1 -2.22821216025 -0.504569643851
counter is 2189	counter is 2189
123	20 5 1.0 0 -1 1 -0.668534217201 -0.229778651357
counter is 2190	counter is 2190
409	20 5 1.0 0 1 -1 -0.710231589811 0.119075358442
counter is 2191	counter is 2191
356	20 5 1.0 0 1 1 -0.394627996228 0.433425781348
counter is 2192	counter is 2192
200	20 5 1.0 1 -1 -1 -2.54035931699 -0.636053666876
counter is 2193	counter is 2193
314	20 5 1.0 1 -1 1 -0.0355198028706 0.639110934956
counter is 2194	counter is 2194
280	20 5 1.0 1 1 -1 -0.942416282393 0.0844573363015
counter is 2195	counter is 2195
165	20 5 1.0 1 1 1 -1.75734232375 -0.58217619326
counter is 2196	counter is 2196
344	20 5 1.0 1.5 -1 -1 -0.663659674891 0.0190007725542
counter is 2197	counter is 2197
421	20 5 1.0 1.5 -1 1 -0.0402442539487 0.663440934956
counter is 2198	counter is 2198
136	20 5 1.0 1.5 1 -1 -1.6604852162 -0.544088444147
counter is 2199	counter is 2199
58	20 5 1.0 1.5 1 1 -2.5074524879 -0.559757327947
counter is 2200	counter is 2200
15	20 5 1.3 -1.5 -1 -1 -1.68144340342 -0.455984677664
counter is 2201	counter is 2201
35	20 5 1.3 -1.5 -1 1 -1.03408575733 -0.383007769215
counter is 2202	counter is 2202
448	20 5 1.3 -1.5 1 -1 -1.04818707062 -0.265689227446
counter is 2203	counter is 2203
428	20 5 1.3 -1.5 1 1 -0.5979490198 0.118224786092
counter is 2204	counter is 2204
23	20 5 1.3 -1 -1 -1 -1.58969480262 -0.453554677664
counter is 2205	counter is 2205
52	20 5 1.3 -1 -1 1 -1.14916761854 -0.372167769215
counter is 2206	counter is 2206
440	20 5 1.3 -1 1 -1 -1.05139456337 -0.268119227446
counter is 2207	counter is 2207
411	20 5 1.3 -1 1 1 -0.590511495119 0.107384786092
counter is 2208	counter is 2208
64	20 5 1.3 0 -1 -1 -1.8252530832 -0.439501839976
counter is 2209	counter is 2209
106	20 5 1.3 0 -1 1 -0.748446337218 -0.272734418336
counter is 2210	counter is 2210
399	20 5 1.3 0 1 -1 -0.998419822722 -0.236194641558
counter is 2211	counter is 2211
357	20 5 1.3 0 1 1 -0.958068896235 -0.0468527493859
counter is 2212	counter is 2212
176	20 5 1.3 1 -1 -1 -2.37033971171 -0.598253666876
counter is 2213	counter is 2213
265	20 5 1.3 1 -1 1 -0.678544198793 -0.0935652139078
counter is 2214	counter is 2214
287	20 5 1.3 1 1 -1 -1.23291122376 -0.264842663699
counter is 2215	counter is 2215
198	20 5 1.3 1 1 1 -1.27868660285 -0.36793619326
counter is 2216	counter is 2216
302	20 5 1.3 1.5 -1 -1 -0.779796742006 -0.262139227446
counter is 2217	counter is 2217
393	20 5 1.3 1.5 -1 1 -0.569412876651 0.135234786092
counter is 2218	counter is 2218
161	20 5 1.3 1.5 1 -1 -1.6942106633 -0.574448444147
counter is 2219	counter is 2219
70	20 5 1.3 1.5 1 1 -2.00998179836 -0.578950069637
counter is 2220	counter is 2220
10	20 5 1.5 -1.5 -1 -1 -1.84559888117 -0.459804677664
counter is 2221	counter is 2221
20	20 5 1.5 -1.5 -1 1 -1.78155466998 -0.397597769215
counter is 2222	counter is 2222
419	20 5 1.5 -1.5 1 -1 -1.2580480578 -0.436049227446
counter is 2223	counter is 2223
411	20 5 1.5 -1.5 1 1 -0.976413377161 -0.227149227446
counter is 2224	counter is 2224
17	20 5 1.5 -1 -1 -1 -1.72403806082 -0.457244677664
counter is 2225	counter is 2225
40	20 5 1.5 -1 -1 1 -1.20555733581 -0.381677769215
counter is 2226	counter is 2226
412	20 5 1.5 -1 1 -1 -1.26143671664 -0.438609227446
counter is 2227	counter is 2227
391	20 5 1.5 -1 1 1 -0.988999001717 -0.243069227446
counter is 2228	counter is 2228
52	20 5 1.5 0 -1 -1 -1.85391683896 -0.436301839976
counter is 2229	counter is 2229
90	20 5 1.5 0 -1 1 -0.819252688689 -0.292517117088
counter is 2230	counter is 2230
377	20 5 1.5 0 1 -1 -1.21707325827 -0.413574641558
counter is 2231	counter is 2231
341	20 5 1.5 0 1 1 -1.04229400886 -0.293434641558
counter is 2232	counter is 2232
151	20 5 1.5 1 -1 -1 -1.78041324235 -0.541883666876
counter is 2233	counter is 2233
223	20 5 1.5 1 -1 1 -0.577723767168 -0.228949227446
counter is 2234	counter is 2234
278	20 5 1.5 1 1 -1 -1.53124028765 -0.495392663699
counter is 2235	counter is 2235
208	20 5 1.5 1 1 1 -1.67368785116 -0.591573614207
counter is 2236	counter is 2236
257	20 5 1.5 1.5 -1 -1 -1.75080762717 -0.552069227446
counter is 2237	counter is 2237
354	20 5 1.5 1.5 -1 1 -0.914580932669 -0.190269227446
counter is 2238	counter is 2238
172	20 5 1.5 1.5 1 -1 -1.48604785172 -0.458698444147
counter is 2239	counter is 2239
77	20 5 1.5 1.5 1 1 -2.44446556841 -0.608188444147
counter is 2240	counter is 2240
50	20 10 -1.5 -1.5 -1 -1 -1.51692271348 -0.522098134286
counter is 2241	counter is 2241
142	20 10 -1.5 -1.5 -1 1 -0.168424017476 0.947691368735
counter is 2242	counter is 2242
247	20 10 -1.5 -1.5 1 -1 -0.651803260978 0.430539805292
counter is 2243	counter is 2243
156	20 10 -1.5 -1.5 1 1 -1.97817933789 -0.61002054918
counter is 2244	counter is 2244
106	20 10 -1.5 -1 -1 -1 -1.20320342215 -0.389989339138
counter is 2245	counter is 2245
173	20 10 -1.5 -1 -1 1 -0.211034335403 0.917781368735
counter is 2246	counter is 2246
191	20 10 -1.5 -1 1 -1 -0.204522197019 0.318559805292
counter is 2247	counter is 2247
125	20 10 -1.5 -1 1 1 -1.89591083987 -0.58011054918
counter is 2248	counter is 2248
198	20 10 -1.5 0 -1 -1 -0.657366730407 0.348465318007
counter is 2249	counter is 2249
215	20 10 -1.5 0 -1 1 -0.274415548487 0.896869272435
counter is 2250	counter is 2250
99	20 10 -1.5 0 1 -1 -1.09294581033 -0.474352460691
counter is 2251	counter is 2251
83	20 10 -1.5 0 1 1 -2.36299375126 -0.633693762574
counter is 2252	counter is 2252
243	20 10 -1.5 1 -1 -1 -0.577467931479 0.462985318007
counter is 2253	counter is 2253
258	20 10 -1.5 1 -1 1 -0.364079348333 0.847251176045
counter is 2254	counter is 2254
54	20 10 -1.5 1 1 -1 -1.55231434023 -0.572847883498
counter is 2255	counter is 2255
40	20 10 -1.5 1 1 1 -2.50524676821 -0.628303762574
counter is 2256	counter is 2256
276	20 10 -1.5 1.5 -1 -1 -0.645753377013 0.436879805292
counter is 2257	counter is 2257
282	20 10 -1.5 1.5 -1 1 -0.389406810291 0.819621176045
counter is 2258	counter is 2258
21	20 10 -1.5 1.5 1 -1 -1.65871655471 -0.494534143356
counter is 2259	counter is 2259
16	20 10 -1.5 1.5 1 1 -2.14358972047 -0.551093059432
counter is 2260	counter is 2260
46	20 10 -1.3 -1.5 -1 -1 -1.35854524025 -0.484874739999
counter is 2261	counter is 2261
133	20 10 -1.3 -1.5 -1 1 -0.30845348675 0.608701368735
counter is 2262	counter is 2262
277	20 10 -1.3 -1.5 1 -1 -0.669669256511 0.295090934956
counter is 2263	counter is 2263
191	20 10 -1.3 -1.5 1 1 -1.30249138137 -0.475125213908
counter is 2264	counter is 2264
98	20 10 -1.3 -1 -1 -1 -1.47042598538 -0.606189165839
counter is 2265	counter is 2265
168	20 10 -1.3 -1 -1 1 -0.283126120971 0.663601368735
counter is 2266	counter is 2266
225	20 10 -1.3 -1 1 -1 -0.273480085198 0.395210934956
counter is 2267	counter is 2267
156	20 10 -1.3 -1 1 1 -1.55317602149 -0.530025213908
counter is 2268	counter is 2268
197	20 10 -1.3 0 -1 -1 -0.699896921518 0.188705356946
counter is 2269	counter is 2269
211	20 10 -1.3 0 -1 1 -0.205366432064 0.702742861672
counter is 2270	counter is 2270
126	20 10 -1.3 0 1 -1 -0.982702015067 -0.447152460691
counter is 2271	counter is 2271
113	20 10 -1.3 0 1 1 -1.9427937383 -0.59903619326
counter is 2272	counter is 2272
255	20 10 -1.3 1 -1 -1 -0.596210103606 0.322375356946
counter is 2273	counter is 2273
267	20 10 -1.3 1 -1 1 -0.346811065207 0.638484786092
counter is 2274	counter is 2274
68	20 10 -1.3 1 1 -1 -1.43374167623 -0.505634555918
counter is 2275	counter is 2275
57	20 10 -1.3 1 1 1 -2.02687197696 -0.60122619326
counter is 2276	counter is 2276
298	20 10 -1.3 1.5 -1 -1 -0.631238762642 0.346040934956
counter is 2277	counter is 2277
304	20 10 -1.3 1.5 -1 1 -0.353891612891 0.638324786092
counter is 2278	counter is 2278
25	20 10 -1.3 1.5 1 -1 -2.42374011731 -0.544914394813
counter is 2279	counter is 2279
20	20 10 -1.3 1.5 1 1 -2.23586306791 -0.555733059432
counter is 2280	counter is 2280
32	20 10 -1.0 -1.5 -1 -1 -0.726417774013 -0.477924739999
counter is 2281	counter is 2281
111	20 10 -1.0 -1.5 -1 1 -0.395439666205 0.309478461609
counter is 2282	counter is 2282
324	20 10 -1.0 -1.5 1 -1 -0.621191024505 0.534560772554
counter is 2283	counter is 2283
246	20 10 -1.0 -1.5 1 1 -0.938947351567 -0.164809227446
counter is 2284	counter is 2284
71	20 10 -1.0 -1 -1 -1 -2.47243901641 -0.620899165839
counter is 2285	counter is 2285
160	20 10 -1.0 -1 -1 1 -0.449957633287 0.585888461609
counter is 2286	counter is 2286
285	20 10 -1.0 -1 1 -1 -0.540332345637 0.656350772554
counter is 2287	counter is 2287
197	20 10 -1.0 -1 1 1 -0.941554913434 -0.441219227446
counter is 2288	counter is 2288
201	20 10 -1.0 0 -1 -1 -0.526647241447 0.531038933475
counter is 2289	counter is 2289
220	20 10 -1.0 0 -1 1 -0.392831155645 0.609842154716
counter is 2290	counter is 2290
155	20 10 -1.0 0 1 -1 -1.24721385425 -0.449534641558
counter is 2291	counter is 2291
137	20 10 -1.0 0 1 1 -0.988428172862 -0.517502749386
counter is 2292	counter is 2292
270	20 10 -1.0 1 -1 -1 -0.642057348178 0.460611465109
counter is 2293	counter is 2293
286	20 10 -1.0 1 -1 1 -0.473087747054 0.660990772554
counter is 2294	counter is 2294
86	20 10 -1.0 1 1 -1 -0.780207102022 -0.485743614207
counter is 2295	counter is 2295
71	20 10 -1.0 1 1 1 -2.34187447387 -0.61815619326
counter is 2296	counter is 2296
319	20 10 -1.0 1.5 -1 -1 -0.630417853379 0.505200772554
counter is 2297	counter is 2297
335	20 10 -1.0 1.5 -1 1 -0.486686911988 0.641990772554
counter is 2298	counter is 2298
37	20 10 -1.0 1.5 1 -1 -1.12393391156 -0.491048475796
counter is 2299	counter is 2299
22	20 10 -1.0 1.5 1 1 -2.23240004803 -0.553823059432
counter is 2300	counter is 2300
20	20 10 0 -1.5 -1 -1 -1.76716502562 -0.480892542484
counter is 2301	counter is 2301
64	20 10 0 -1.5 -1 1 -0.547234340969 -0.0957481052652
counter is 2302	counter is 2302
370	20 10 0 -1.5 1 -1 -0.355846226532 0.675730772554
counter is 2303	counter is 2303
325	20 10 0 -1.5 1 1 -0.767734004286 0.103440772554
counter is 2304	counter is 2304
39	20 10 0 -1 -1 -1 -1.65062277556 -0.479552542484
counter is 2305	counter is 2305
95	20 10 0 -1 -1 1 -0.693468432451 -0.0342281052652
counter is 2306	counter is 2306
351	20 10 0 -1 1 -1 -0.352974746538 0.674390772554
counter is 2307	counter is 2307
294	20 10 0 -1 1 1 -0.772216611429 0.0419207725542
counter is 2308	counter is 2308
98	20 10 0 0 -1 -1 -1.46863513132 -0.487361066525
counter is 2309	counter is 2309
180	20 10 0 0 -1 1 -0.418695969993 0.436798680402
counter is 2310	counter is 2310
292	20 10 0 0 1 -1 -0.324039867124 0.683325358442
counter is 2311	counter is 2311
209	20 10 0 0 1 1 -1.02787658672 -0.476954218652
counter is 2312	counter is 2312
232	20 10 0 1 -1 -1 -0.190917100883 0.703181465109
counter is 2313	counter is 2313
293	20 10 0 1 -1 1 -0.538420939933 0.459410772554
counter is 2314	counter is 2314
158	20 10 0 1 1 -1 -1.80503271625 -0.621957883498
counter is 2315	counter is 2315
96	20 10 0 1 1 1 -1.68936170578 -0.57492619326
counter is 2316	counter is 2316
308	20 10 0 1.5 -1 -1 -0.289361346609 0.647920772554
counter is 2317	counter is 2317
353	20 10 0 1.5 -1 1 -0.51933614217 0.491030772554
counter is 2318	counter is 2318
82	20 10 0 1.5 1 -1 -1.65987539419 -0.542518444147
counter is 2319	counter is 2319
36	20 10 0 1.5 1 1 -2.06409089817 -0.588770069637
counter is 2320	counter is 2320
11	20 10 1.0 -1.5 -1 -1 -1.01517205263 -0.513131868646
counter is 2321	counter is 2321
50	20 10 1.0 -1.5 -1 1 -1.07122014839 -0.442948105265
counter is 2322	counter is 2322
469	20 10 1.0 -1.5 1 -1 -0.213576323305 1.13089077255
counter is 2323	counter is 2323
429	20 10 1.0 -1.5 1 1 -0.266715039927 1.05620093496
counter is 2324	counter is 2324
22	20 10 1.0 -1 -1 -1 -0.88471206034 -0.472043276309
counter is 2325	counter is 2325
67	20 10 1.0 -1 -1 1 -1.08109217117 -0.366988105265
counter is 2326	counter is 2326
458	20 10 1.0 -1 1 -1 -0.218488718992 1.12874077255
counter is 2327	counter is 2327
412	20 10 1.0 -1 1 1 -0.307581048963 0.980230934956
counter is 2328	counter is 2328
71	20 10 1.0 0 -1 -1 -1.70286299001 -0.508441066525
counter is 2329	counter is 2329
123	20 10 1.0 0 -1 1 -0.350665424857 -0.0438210339616
counter is 2330	counter is 2330
409	20 10 1.0 0 1 -1 -0.16001766032 1.18218535844
counter is 2331	counter is 2331
356	20 10 1.0 0 1 1 -0.747183670108 0.608735781348
counter is 2332	counter is 2332
200	20 10 1.0 1 -1 -1 -1.85739701667 -0.578408534891
counter is 2333	counter is 2333
314	20 10 1.0 1 -1 1 -0.223358816363 1.08527093496
counter is 2334	counter is 2334
280	20 10 1.0 1 1 -1 -0.380700642263 1.1347873363
counter is 2335	counter is 2335
165	20 10 1.0 1 1 1 -1.84608315034 -0.59522619326
counter is 2336	counter is 2336
344	20 10 1.0 1.5 -1 -1 -0.41486596068 0.483320772554
counter is 2337	counter is 2337
421	20 10 1.0 1.5 -1 1 -0.23576673017 1.10097093496
counter is 2338	counter is 2338
136	20 10 1.0 1.5 1 -1 -0.522933751235 0.0998515558531
counter is 2339	counter is 2339
58	20 10 1.0 1.5 1 1 -2.42345931636 -0.564177327947
counter is 2340	counter is 2340
15	20 10 1.3 -1.5 -1 -1 -1.60957005073 -0.498875673476
counter is 2341	counter is 2341
35	20 10 1.3 -1.5 -1 1 -1.20654596155 -0.452668105265
counter is 2342	counter is 2342
448	20 10 1.3 -1.5 1 -1 -0.405792023272 0.649920772554
counter is 2343	counter is 2343
428	20 10 1.3 -1.5 1 1 -0.334405190044 0.647724786092
counter is 2344	counter is 2344
23	20 10 1.3 -1 -1 -1 -1.47762492489 -0.493655673476
counter is 2345	counter is 2345
52	20 10 1.3 -1 -1 1 -1.06730326896 -0.391148105265
counter is 2346	counter is 2346
440	20 10 1.3 -1 1 -1 -0.411527256492 0.644700772554
counter is 2347	counter is 2347
411	20 10 1.3 -1 1 1 -0.374644013978 0.586204786092
counter is 2348	counter is 2348
64	20 10 1.3 0 -1 -1 -1.11139357548 -0.441814706478
counter is 2349	counter is 2349
106	20 10 1.3 0 -1 1 -0.472792059541 -0.211568795846
counter is 2350	counter is 2350
399	20 10 1.3 0 1 -1 -0.392496097731 0.639875358442
counter is 2351	counter is 2351
357	20 10 1.3 0 1 1 -0.786004252046 0.353467250614
counter is 2352	counter is 2352
176	20 10 1.3 1 -1 -1 -1.9815527413 -0.591038534891
counter is 2353	counter is 2353
265	20 10 1.3 1 -1 1 -0.210724869862 0.423644786092
counter is 2354	counter is 2354
287	20 10 1.3 1 1 -1 -0.593643155942 0.647817336301
counter is 2355	counter is 2355
198	20 10 1.3 1 1 1 -1.34952182657 -0.35180619326
counter is 2356	counter is 2356
302	20 10 1.3 1.5 -1 -1 -0.368051015363 0.0890907725542
counter is 2357	counter is 2357
393	20 10 1.3 1.5 -1 1 -0.320558945476 0.648304786092
counter is 2358	counter is 2358
161	20 10 1.3 1.5 1 -1 -0.987270514725 -0.00551844414689
counter is 2359	counter is 2359
70	20 10 1.3 1.5 1 1 -1.67698868817 -0.558680069637
counter is 2360	counter is 2360
10	20 10 1.5 -1.5 -1 -1 -1.64304021405 -0.499215673476
counter is 2361	counter is 2361
20	20 10 1.5 -1.5 -1 1 -1.53842234878 -0.464748105265
counter is 2362	counter is 2362
419	20 10 1.5 -1.5 1 -1 -0.609143767978 0.366820772554
counter is 2363	counter is 2363
411	20 10 1.5 -1.5 1 1 -0.550304667639 0.365610772554
counter is 2364	counter is 2364
17	20 10 1.5 -1 -1 -1 -1.47279735962 -0.493755673476
counter is 2365	counter is 2365
40	20 10 1.5 -1 -1 1 -1.18276658068 -0.416438105265
counter is 2366	counter is 2366
412	20 10 1.5 -1 1 -1 -0.614609024157 0.361360772554
counter is 2367	counter is 2367
391	20 10 1.5 -1 1 1 -0.581092932309 0.317300772554
counter is 2368	counter is 2368
52	20 10 1.5 0 -1 -1 -1.48929388719 -0.466174706478
counter is 2369	counter is 2369
90	20 10 1.5 0 -1 1 -0.533984274931 -0.240971319598
counter is 2370	counter is 2370
377	20 10 1.5 0 1 -1 -0.581735157149 0.380795358442
counter is 2371	counter is 2371
341	20 10 1.5 0 1 1 -0.672136554504 0.181925358442
counter is 2372	counter is 2372
151	20 10 1.5 1 -1 -1 -1.92328942411 -0.572178534891
counter is 2373	counter is 2373
223	20 10 1.5 1 -1 1 -0.107895664138 0.0950507725542
counter is 2374	counter is 2374
278	20 10 1.5 1 1 -1 -0.819735886561 0.345517336301
counter is 2375	counter is 2375
208	20 10 1.5 1 1 1 -1.32094734584 -0.316463614207
counter is 2376	counter is 2376
257	20 10 1.5 1.5 -1 -1 -1.94900831655 -0.601419227446
counter is 2377	counter is 2377
354	20 10 1.5 1.5 -1 1 -0.492950638424 0.404470772554
counter is 2378	counter is 2378
172	20 10 1.5 1.5 1 -1 -0.735575160067 0.401561555853
counter is 2379	counter is 2379
77	20 10 1.5 1.5 1 1 -2.11981632152 -0.603818444147
counter is 2380	counter is 2380
50	20 20 -1.5 -1.5 -1 -1 -1.62640981188 -0.561261356944
counter is 2381	counter is 2381
142	20 20 -1.5 -1.5 -1 1 -0.0299372610302 2.54874748419
counter is 2382	counter is 2382
247	20 20 -1.5 -1.5 1 -1 -0.0150303127748 2.49509980529
counter is 2383	counter is 2383
156	20 20 -1.5 -1.5 1 1 -0.912725099244 -0.39079054918
counter is 2384	counter is 2384
106	20 20 -1.5 -1 -1 -1 -0.381211144268 1.06151753924
counter is 2385	counter is 2385
173	20 20 -1.5 -1 -1 1 -0.0403683001469 2.55406748419
counter is 2386	counter is 2386
191	20 20 -1.5 -1 1 -1 0.0395561050776 0.911829805292
counter is 2387	counter is 2387
125	20 20 -1.5 -1 1 1 -0.792616449007 -0.39611054918
counter is 2388	counter is 2388
198	20 20 -1.5 0 -1 -1 -0.0853319499856 2.18837478095
counter is 2389	counter is 2389
215	20 20 -1.5 0 -1 1 -0.0517749331008 2.5521195202
counter is 2390	counter is 2390
99	20 20 -1.5 0 1 -1 -0.321004728857 -0.260942460691
counter is 2391	counter is 2391
83	20 20 -1.5 0 1 1 -0.605507682773 -0.441933762574
counter is 2392	counter is 2392
243	20 20 -1.5 1 -1 -1 -0.00272979451965 2.37887478095
counter is 2393	counter is 2393
258	20 20 -1.5 1 -1 1 -0.110861054484 2.56492117604
counter is 2394	counter is 2394
54	20 20 -1.5 1 1 -1 -0.406759973348 -0.435417883498
counter is 2395	counter is 2395
40	20 20 -1.5 1 1 1 -0.526534836665 -0.488493762574
counter is 2396	counter is 2396
276	20 20 -1.5 1.5 -1 -1 -0.0536221910826 2.39911980529
counter is 2397	counter is 2397
282	20 20 -1.5 1.5 -1 1 -0.0967845594277 2.62909117604
counter is 2398	counter is 2398
21	20 20 -1.5 1.5 1 -1 -0.388979015773 -0.424532909076
counter is 2399	counter is 2399
16	20 20 -1.5 1.5 1 1 -0.905832448869 -0.503083059432
counter is 2400	counter is 2400
46	20 20 -1.3 -1.5 -1 -1 -1.55904692464 -0.533039020893
counter is 2401	counter is 2401
133	20 20 -1.3 -1.5 -1 1 -0.36292494143 1.38029748419
counter is 2402	counter is 2402
277	20 20 -1.3 -1.5 1 -1 -0.213484586969 1.66781093496
counter is 2403	counter is 2403
191	20 20 -1.3 -1.5 1 1 -0.838851783969 -0.244365213908
counter is 2404	counter is 2404
98	20 20 -1.3 -1 -1 -1 -0.846330671821 0.0927363478837
counter is 2405	counter is 2405
168	20 20 -1.3 -1 -1 1 -0.347912695258 1.45227748419
counter is 2406	counter is 2406
225	20 20 -1.3 -1 1 -1 -0.0290294205198 1.03928093496
counter is 2407	counter is 2407
156	20 20 -1.3 -1 1 1 -0.481611705977 -0.316345213908
counter is 2408	counter is 2408
197	20 20 -1.3 0 -1 -1 -0.329039869799 1.29984319627
counter is 2409	counter is 2409
211	20 20 -1.3 0 -1 1 -0.263683180572 1.51022189294
counter is 2410	counter is 2410
126	20 20 -1.3 0 1 -1 -0.166702214374 -0.206582460691
counter is 2411	counter is 2411
113	20 20 -1.3 0 1 1 -0.392421368177 -0.40332619326
counter is 2412	counter is 2412
255	20 20 -1.3 1 -1 -1 -0.245641480944 1.48384319627
counter is 2413	counter is 2413
267	20 20 -1.3 1 -1 1 -0.303354598841 1.53703478609
counter is 2414	counter is 2414
68	20 20 -1.3 1 1 -1 0.0221945565943 -0.315394555918
counter is 2415	counter is 2415
57	20 20 -1.3 1 1 1 -0.506418832219 -0.46022619326
counter is 2416	counter is 2416
298	20 20 -1.3 1.5 -1 -1 -0.245022359577 1.61951093496
counter is 2417	counter is 2417
304	20 20 -1.3 1.5 -1 1 -0.279149560408 1.61819478609
counter is 2418	counter is 2418
25	20 20 -1.3 1.5 1 -1 -1.07426817165 -0.468914432663
counter is 2419	counter is 2419
20	20 20 -1.3 1.5 1 1 -0.875610415478 -0.496053059432
counter is 2420	counter is 2420
32	20 20 -1.0 -1.5 -1 -1 -0.543451766141 -0.498589020893
counter is 2421	counter is 2421
111	20 20 -1.0 -1.5 -1 1 -0.661405160884 0.507218794918
counter is 2422	counter is 2422
324	20 20 -1.0 -1.5 1 -1 -0.292893823071 2.11413077255
counter is 2423	counter is 2423
246	20 20 -1.0 -1.5 1 1 0.285166448289 1.30831077255
counter is 2424	counter is 2424
71	20 20 -1.0 -1 -1 -1 -1.77404973421 -0.569723652116
counter is 2425	counter is 2425
160	20 20 -1.0 -1 -1 1 -0.296390834114 2.13558879492
counter is 2426	counter is 2426
285	20 20 -1.0 -1 1 -1 -0.229444580437 2.18251077255
counter is 2427	counter is 2427
197	20 20 -1.0 -1 1 1 -0.662014574607 -0.320059227446
counter is 2428	counter is 2428
201	20 20 -1.0 0 -1 -1 -0.345268273447 1.60290380893
counter is 2429	counter is 2429
220	20 20 -1.0 0 -1 1 -0.278585530463 2.18281690286
counter is 2430	counter is 2430
155	20 20 -1.0 0 1 -1 -0.199942119679 0.0646053584424
counter is 2431	counter is 2431
137	20 20 -1.0 0 1 1 -0.652574808189 -0.418892749386
counter is 2432	counter is 2432
270	20 20 -1.0 1 -1 -1 -0.330451484478 1.96054077255
counter is 2433	counter is 2433
286	20 20 -1.0 1 -1 1 -0.314415465866 2.29107077255
counter is 2434	counter is 2434
86	20 20 -1.0 1 1 -1 -0.534592149021 -0.395363614207
counter is 2435	counter is 2435
71	20 20 -1.0 1 1 1 -1.23696551619 -0.53629619326
counter is 2436	counter is 2436
319	20 20 -1.0 1.5 -1 -1 -0.312179587691 2.05126077255
counter is 2437	counter is 2437
335	20 20 -1.0 1.5 -1 1 -0.311597410972 2.31463077255
counter is 2438	counter is 2438
37	20 20 -1.0 1.5 1 -1 -0.748775435857 -0.440818475796
counter is 2439	counter is 2439
22	20 20 -1.0 1.5 1 1 -1.18447030009 -0.514523059432
counter is 2440	counter is 2440
20	20 20 0 -1.5 -1 -1 -1.74603893455 -0.532982244433
counter is 2441	counter is 2441
64	20 20 0 -1.5 -1 1 -1.12905467918 -0.337029175079
counter is 2442	counter is 2442
370	20 20 0 -1.5 1 -1 0.0169359744227 2.15614077255
counter is 2443	counter is 2443
325	20 20 0 -1.5 1 1 -0.0317323420919 1.88918077255
counter is 2444	counter is 2444
39	20 20 0 -1 -1 -1 -1.34415701056 -0.517232244433
counter is 2445	counter is 2445
95	20 20 0 -1 -1 1 -0.350931582913 0.468370824921
counter is 2446	counter is 2446
351	20 20 0 -1 1 -1 0.0142678410391 2.14038077255
counter is 2447	counter is 2447
294	20 20 0 -1 1 1 -0.333487006204 1.08378077255
counter is 2448	counter is 2448
98	20 20 0 0 -1 -1 -1.28899935703 -0.476196191074
counter is 2449	counter is 2449
180	20 20 0 0 -1 1 0.0692896427595 2.05789377905
counter is 2450	counter is 2450
292	20 20 0 0 1 -1 0.0373334594223 2.14461535844
counter is 2451	counter is 2451
209	20 20 0 0 1 1 -1.60099190207 -0.552734218652
counter is 2452	counter is 2452
232	20 20 0 1 -1 -1 0.138077004546 1.97940077255
counter is 2453	counter is 2453
293	20 20 0 1 -1 1 -0.0321920195618 2.04550077255
counter is 2454	counter is 2454
158	20 20 0 1 1 -1 -1.42079449805 -0.421417883498
counter is 2455	counter is 2455
96	20 20 0 1 1 1 -1.67192330117 -0.56800619326
counter is 2456	counter is 2456
308	20 20 0 1.5 -1 -1 0.0554588074326 1.93306077255
counter is 2457	counter is 2457
353	20 20 0 1.5 -1 1 -0.0273447983158 2.09481077255
counter is 2458	counter is 2458
82	20 20 0 1.5 1 -1 -1.12153499215 -0.344908444147
counter is 2459	counter is 2459
36	20 20 0 1.5 1 1 -2.03738256624 -0.599540069637
counter is 2460	counter is 2460
11	20 20 1.0 -1.5 -1 -1 -1.31276584824 -0.544491028492
counter is 2461	counter is 2461
50	20 20 1.0 -1.5 -1 1 -1.28941976349 -0.489599175079
counter is 2462	counter is 2462
469	20 20 1.0 -1.5 1 -1 -0.238811874544 2.03724077255
counter is 2463	counter is 2463
429	20 20 1.0 -1.5 1 1 -0.216850312196 1.97584093496
counter is 2464	counter is 2464
22	20 20 1.0 -1 -1 -1 -1.34274339507 -0.510391143405
counter is 2465	counter is 2465
67	20 20 1.0 -1 -1 1 -0.262216033007 -0.0447891750788
counter is 2466	counter is 2466
458	20 20 1.0 -1 1 -1 -0.238523480779 2.04290077255
counter is 2467	counter is 2467
412	20 20 1.0 -1 1 1 -0.344352651143 1.53103093496
counter is 2468	counter is 2468
71	20 20 1.0 0 -1 -1 -1.20760519285 -0.466396191074
counter is 2469	counter is 2469
123	20 20 1.0 0 -1 1 -0.00602997716696 0.446689672469
counter is 2470	counter is 2470
409	20 20 1.0 0 1 -1 -0.208930940568 2.03708535844
counter is 2471	counter is 2471
356	20 20 1.0 0 1 1 -0.763072987248 0.992325781348
counter is 2472	counter is 2472
200	20 20 1.0 1 -1 -1 -1.50512476299 -0.531909227446
counter is 2473	counter is 2473
314	20 20 1.0 1 -1 1 -0.199246821446 1.94889093496
counter is 2474	counter is 2474
280	20 20 1.0 1 1 -1 -0.442125951744 1.9895373363
counter is 2475	counter is 2475
165	20 20 1.0 1 1 1 -1.55498950276 -0.53730619326
counter is 2476	counter is 2476
344	20 20 1.0 1.5 -1 -1 -0.489358721438 0.840310772554
counter is 2477	counter is 2477
421	20 20 1.0 1.5 -1 1 -0.205732077035 1.99566093496
counter is 2478	counter is 2478
136	20 20 1.0 1.5 1 -1 -0.255767104021 0.650101555853
counter is 2479	counter is 2479
58	20 20 1.0 1.5 1 1 -1.75879795417 -0.537327327947
counter is 2480	counter is 2480
15	20 20 1.3 -1.5 -1 -1 -1.63916073295 -0.530391197727
counter is 2481	counter is 2481
35	20 20 1.3 -1.5 -1 1 -1.59646291166 -0.515669175079
counter is 2482	counter is 2482
448	20 20 1.3 -1.5 1 -1 -0.0392315013386 2.14927077255
counter is 2483	counter is 2483
428	20 20 1.3 -1.5 1 1 -0.0882415152508 2.00789478609
counter is 2484	counter is 2484
23	20 20 1.3 -1 -1 -1 -1.65618031842 -0.532631197727
counter is 2485	counter is 2485
52	20 20 1.3 -1 -1 1 -0.532186136259 -0.243259175079
counter is 2486	counter is 2486
440	20 20 1.3 -1 1 -1 -0.0398722250401 2.15151077255
counter is 2487	counter is 2487
411	20 20 1.3 -1 1 1 -0.22299277921 1.73548478609
counter is 2488	counter is 2488
64	20 20 1.3 0 -1 -1 -0.808072430601 -0.422230080127
counter is 2489	counter is 2489
106	20 20 1.3 0 -1 1 -0.271918783597 0.0216873817232
counter is 2490	counter is 2490
399	20 20 1.3 0 1 -1 -0.0420037298569 2.08881535844
counter is 2491	counter is 2491
357	20 20 1.3 0 1 1 -0.591588714096 1.41846725061
counter is 2492	counter is 2492
176	20 20 1.3 1 -1 -1 -1.79132366959 -0.591209227446
counter is 2493	counter is 2493
265	20 20 1.3 1 -1 1 -0.114299456923 0.849074786092
counter is 2494	counter is 2494
287	20 20 1.3 1 1 -1 -0.243495186537 2.1413773363
counter is 2495	counter is 2495
198	20 20 1.3 1 1 1 -0.728522018528 0.56848380674
counter is 2496	counter is 2496
302	20 20 1.3 1.5 -1 -1 -0.394754927608 0.389640772554
counter is 2497	counter is 2497
393	20 20 1.3 1.5 -1 1 -0.0657293294871 1.98196478609
counter is 2498	counter is 2498
161	20 20 1.3 1.5 1 -1 -0.430048727212 1.19331155585
counter is 2499	counter is 2499
70	20 20 1.3 1.5 1 1 -1.60239348445 -0.546620069637
counter is 2500	counter is 2500
10	20 20 1.5 -1.5 -1 -1 -1.63388286838 -0.529331197727
counter is 2501	counter is 2501
20	20 20 1.5 -1.5 -1 1 -2.37216614908 -0.546559175079
counter is 2502	counter is 2502
419	20 20 1.5 -1.5 1 -1 -0.163384298145 1.94584077255
counter is 2503	counter is 2503
411	20 20 1.5 -1.5 1 1 -0.17023373467 1.77045077255
counter is 2504	counter is 2504
17	20 20 1.5 -1 -1 -1 -1.66640112228 -0.532001197727
counter is 2505	counter is 2505
40	20 20 1.5 -1 -1 1 -0.699050842722 -0.297549175079
counter is 2506	counter is 2506
412	20 20 1.5 -1 1 -1 -0.16324460146 1.94851077255
counter is 2507	counter is 2507
391	20 20 1.5 -1 1 1 -0.283920936424 1.52144077255
counter is 2508	counter is 2508
52	20 20 1.5 0 -1 -1 -1.38614349183 -0.486510080127
counter is 2509	counter is 2509
90	20 20 1.5 0 -1 1 -0.363074385744 -0.0534562209459
counter is 2510	counter is 2510
377	20 20 1.5 0 1 -1 -0.140320408639 1.95072535844
counter is 2511	counter is 2511
341	20 20 1.5 0 1 1 -0.30763936458 1.31829535844
counter is 2512	counter is 2512
151	20 20 1.5 1 -1 -1 -1.58770254924 -0.543189227446
counter is 2513	counter is 2513
223	20 20 1.5 1 -1 1 -0.169289630241 0.324670772554
counter is 2514	counter is 2514
278	20 20 1.5 1 1 -1 -0.388345772496 1.8909973363
counter is 2515	counter is 2515
208	20 20 1.5 1 1 1 -0.736545713887 0.825496385793
counter is 2516	counter is 2516
257	20 20 1.5 1.5 -1 -1 -1.64700428852 -0.567279227446
counter is 2517	counter is 2517
354	20 20 1.5 1.5 -1 1 -0.140375757812 1.77094077255
counter is 2518	counter is 2518
172	20 20 1.5 1.5 1 -1 -0.288290518762 1.94787155585
counter is 2519	counter is 2519
77	20 20 1.5 1.5 1 1 -1.97183473403 -0.598708444147
counter is 2520	counter is 2520
50	20 50 -1.5 -1.5 -1 -1 -1.37904148674 -0.533987671798
counter is 2521	counter is 2521
142	20 50 -1.5 -1.5 -1 1 -0.076567916214 4.79317117604
counter is 2522	counter is 2522
247	20 50 -1.5 -1.5 1 -1 0.0552196854575 4.96182980529
counter is 2523	counter is 2523
156	20 50 -1.5 -1.5 1 1 -0.708330529202 -0.16836054918
counter is 2524	counter is 2524
106	20 50 -1.5 -1 -1 -1 -0.28273037276 2.07893414754
counter is 2525	counter is 2525
173	20 50 -1.5 -1 -1 1 -0.0811710108006 4.81364117604
counter is 2526	counter is 2526
191	20 50 -1.5 -1 1 -1 0.115318338423 2.39200980529
counter is 2527	counter is 2527
125	20 50 -1.5 -1 1 1 -0.605708291364 -0.18883054918
counter is 2528	counter is 2528
198	20 50 -1.5 0 -1 -1 -0.0237929543406 4.42432980529
counter is 2529	counter is 2529
215	20 50 -1.5 0 -1 1 -0.0913019939416 4.90741117604
counter is 2530	counter is 2530
99	20 50 -1.5 0 1 -1 -0.368365074615 -0.00450246069063
counter is 2531	counter is 2531
83	20 50 -1.5 0 1 1 -0.752177196187 -0.333353762574
counter is 2532	counter is 2532
243	20 50 -1.5 1 -1 -1 0.0307285875187 4.78869980529
counter is 2533	counter is 2533
258	20 50 -1.5 1 -1 1 -0.0753291789002 5.06558117604
counter is 2534	counter is 2534
54	20 50 -1.5 1 1 -1 -0.693007702879 -0.352847883498
counter is 2535	counter is 2535
40	
