ELPE.AT
HTO.AT
MYTIL.AT
OPAP.AT
EXAE.AT
PPA.AT
ALPHA.AT
ETE.AT
BELA.AT
MIG.AT
TPEIR.AT

10 1 -1.5 -1.5 0.635940009873
10 1 -1.5 -1 0.329860593797
10 1 -1.5 1 0.8078393149
10 1 -1.5 1.5 1.04787538263
10 1 -1.3 -1 0.365781486567
10 1 -1.3 0 0.0206870915039
10 1 -1.3 1 1.12358097056
10 1 -1.3 1.5 1.04787538263
10 1 -1.0 -1 0.0349641505282
10 1 -1.0 0 0.562157220332
10 1 -1.0 1 0.945889822703
10 1 0 0 0.12418482268
10 1 0 1.5 0.0809284344399
10 1 1.5 1 0.0607643954814
10 5 -1.5 1 0.667327928227
10 5 -1.5 1.5 0.432216814222
10 5 -1.3 -1.5 0.451151611755
10 5 -1.3 -1 0.428152992468
10 5 -1.3 1 1.33154884524
10 5 -1.3 1.5 0.432216814222
10 5 -1.0 -1.5 0.337510975666
10 5 -1.0 1 0.0987742255964
10 5 0 0 0.496204081216
10 5 0 1 0.801576999606
10 5 1.3 -1.5 0.0355062462706
10 5 1.3 0 0.0144358959314
10 5 1.3 1 0.119442019004
10 10 0 0 0.241108159163
10 10 0 1 0.826255939863
10 10 1.3 -1.5 0.0197785995808
10 10 1.3 1 0.0117294712556
10 20 -1.3 1 0.0780500929352
10 20 0 -1.5 0.242099522812
10 20 0 -1 0.111803671169
10 50 -1.5 1 0.0219411930475
10 50 -1.5 1.5 0.792824255445
10 50 -1.3 -1.5 0.315111931724
10 50 -1.3 1 0.579117385053
10 50 -1.3 1.5 0.792824255445
10 50 -1.0 -1.5 0.340820723529
10 50 -1.0 1.5 0.411722062183
10 100 -1.5 1 0.33133327767
10 100 -1.5 1.5 0.67679128466
10 100 -1.3 -1.5 0.0755794824071
10 100 -1.3 1 0.81014973335
10 100 -1.3 1.5 0.67679128466
10 100 -1.0 1.5 0.480960695197
10 100 0 -1.5 0.0459436074507
10 100 1.0 1.5 0.0507680722542
10 100 1.3 -1.5 0.054295026574
10 100 1.3 -1 0.0106019094624
10 100 1.3 0 0.0494811907161
10 250 -1.5 1.5 0.0878015775854
10 250 -1.3 -1.5 0.171124481881
10 250 -1.3 1 0.00180667341785
10 250 -1.3 1.5 0.0878015775854
10 250 -1.0 -1.5 0.186577783346
10 250 -1.0 1.5 0.17200853735
10 250 0 1.5 0.553553867677
10 250 1.3 -1.5 0.583948846859
10 250 1.3 -1 0.576663378372
10 250 1.3 0 0.597179076844
10 250 1.3 1 0.161777729675
10 250 1.5 -1.5 0.464183035852
10 250 1.5 -1 0.463238134695
10 250 1.5 0 0.487532786917
10 250 1.5 1 0.100076642654
15 1 -1.5 0 0.270372760244
15 1 -1.5 1 0.127069059035
15 1 -1.3 0 0.1895102747
15 1 -1.0 0 0.771605679077
15 5 -1.5 -1 0.0205562828102
15 5 -1.5 0 0.339717942108
15 5 -1.3 0 0.221147068146
15 5 -1.0 0 0.666540982967
15 5 -1.0 1 0.025382296383
15 5 -1.0 1.5 0.803288723011
15 5 0 1 0.0505734314749
15 5 0 1.5 0.0237306676571
15 5 1.3 1.5 0.0702068769136
15 10 -1.5 1.5 2.70983099994
15 10 -1.3 1 0.0505915808489
15 10 -1.0 0 0.0252623344415
15 10 -1.0 1 0.0310818207984
15 10 -1.0 1.5 0.382471024615
15 10 1.3 -1.5 0.0389686514069
15 10 1.3 -1 0.0413716373336
15 10 1.3 1 0.131230930535
15 20 -1.5 1.5 0.231868627769
15 20 0 -1 0.124358061413
15 50 -1.5 1.5 0.598660970987
15 50 -1.3 -1.5 0.148266502558
15 50 -1.0 1.5 0.779738213024
15 50 0 1.5 0.715701339648
15 100 -1.3 -1.5 0.0806118653562
15 100 -1.0 1.5 0.753908295227
15 100 0 1.5 0.569816752465
15 250 -1.3 1.5 0.0788828993862
15 250 -1.0 -1.5 0.0767136654653
15 250 0 1.5 0.223778522102
15 250 1.0 -1.5 0.327783628847
15 250 1.0 -1 0.31857414836
15 250 1.0 0 0.325071078168
15 250 1.3 -1.5 0.527038385224
15 250 1.3 -1 0.523926504889
15 250 1.3 0 0.535565240678
15 250 1.5 -1.5 0.316337788656
15 250 1.5 -1 0.308618405425
15 250 1.5 0 0.308721407194
20 1 -1.3 1 0.193937361743
20 1 -1.0 1 0.00684813886803
20 5 -1.5 -1 0.44622956289
20 5 -1.5 1 0.155618640517
20 5 1.0 1 0.41292558452
20 5 1.0 1.5 0.252411090257
20 10 -1.5 1 0.486362995628
20 20 -1.0 0 0.115337055419
20 50 0 -1.5 0.158698235484
20 50 0 -1 0.208553651658
20 100 1.3 1.5 0.197553928048
20 250 -1.5 1.5 0.0788828993862
20 250 -1.3 1.5 0.0788828993862
20 250 -1.0 -1.5 0.0462953221644
20 250 -1.0 1.5 0.0788828993862
20 250 1.0 -1.5 0.0963821118948
20 250 1.0 -1 0.0157307387151
20 250 1.3 -1.5 0.207693322875
20 250 1.3 -1 0.201369674237
20 250 1.3 0 0.200318589215
20 250 1.3 1 0.0337924820102
20 250 1.5 -1.5 0.174743002532
20 250 1.5 -1 0.17038364357
20 250 1.5 0 0.164274863396
20 250 1.5 1 0.0768579202604
