10 1 -1.5 -1.5 0.257556351298
10 1 -1.0 -1 0.173391991956
10 1 1.5 1 0.0682991490487
10 5 -1.3 -1.5 0.440255533637
10 5 -1.3 1 0.417398883931
10 5 -1.3 1.5 0.596901135705
10 5 -1.0 -1.5 0.324053070551
10 5 -1.0 -1 0.225204698882
10 5 -1.0 1 0.567043722806
10 5 0 0 0.172093958116
10 5 0 1 0.408406286004
10 5 0 1.5 0.210701594555
10 5 1.3 -1.5 0.0539331513843
10 5 1.3 0 0.0398284608902
10 5 1.3 1 0.120982278702
10 10 -1.5 1 0.0930914126955
10 10 -1.3 1.5 1.03064940606
10 10 -1.0 -1 0.0417976583125
10 10 0 0 0.101867807519
10 10 0 1 1.02898799103
10 10 0 1.5 0.566067083476
10 10 1.3 -1.5 0.0210841908952
10 10 1.3 0 0.000226980022659
10 10 1.3 1 0.0269415522582
10 20 0 -1.5 0.220042486999
10 20 0 -1 0.108373681713
10 50 -1.5 1 0.592313676691
10 50 -1.5 1.5 0.380687868793
10 50 -1.3 -1.5 0.315990917809
10 50 -1.3 1.5 0.307207043119
10 50 -1.0 -1.5 0.313644029957
10 50 -1.0 1.5 0.210439082423
10 100 -1.5 1 0.857539205693
10 100 -1.5 1.5 0.639945339625
10 100 -1.3 -1.5 0.0771552198738
10 100 -1.3 1 0.277686026444
10 100 -1.3 1.5 0.548921984494
10 100 -1.0 1.5 0.621626477562
10 100 1.3 0 0.00535560553447
10 250 -1.5 1 0.201953675444
10 250 -1.5 1.5 0.106506868014
10 250 -1.3 -1.5 0.172364692004
10 250 -1.3 1.5 0.140500002859
10 250 -1.0 -1.5 0.159933661575
10 250 -1.0 1.5 0.213101113563
10 250 0 1.5 0.000626248422215
10 250 1.3 -1.5 0.569324520107
10 250 1.3 -1 0.560741014301
10 250 1.3 0 0.572164636245
10 250 1.3 1 0.120925450765
10 250 1.5 -1.5 0.412846619036
10 250 1.5 -1 0.410864402808
10 250 1.5 0 0.478162122179
10 250 1.5 1 0.0631451271865
15 1 -1.5 -1 0.131559627679
15 1 -1.3 -1 0.39959412261
15 1 -1.0 1 0.384548592578
15 5 -1.5 -1 0.318336802178
15 5 -1.3 -1 0.34699192412
15 5 -1.3 0 0.154246640851
15 5 -1.0 -1 0.161246965213
15 5 -1.0 1 0.286629973725
15 5 -1.0 1.5 0.100949034925
15 5 0 1.5 0.237461707545
15 10 0 1 0.275044116695
15 10 0 1.5 0.547952885947
15 10 1.3 1 0.148885490649
15 20 0 -1 0.128942674621
15 50 -1.3 -1.5 0.174326122739
15 50 -1.0 1.5 0.313859034755
15 50 0 1.5 0.207879075932
15 100 -1.5 1 0.00778711059357
15 100 -1.5 1.5 0.0441987792467
15 100 -1.3 -1.5 0.184934663106
15 100 -1.3 1.5 0.19575382844
15 100 -1.0 1.5 0.478102096811
15 100 0 1.5 0.283053710102
15 250 -1.5 1.5 0.189929999558
15 250 -1.3 1.5 0.22188307959
15 250 -1.0 -1.5 0.0634075498618
15 250 -1.0 1.5 0.194518786598
15 250 0 1.5 1.29772680293e-05
15 250 1.0 -1.5 0.292781075717
15 250 1.0 -1 0.287514387296
15 250 1.0 0 0.299540768648
15 250 1.3 -1.5 0.450751611424
15 250 1.3 -1 0.450634363497
15 250 1.3 0 0.444877342957
15 250 1.5 -1.5 0.212868589281
15 250 1.5 -1 0.212577619716
15 250 1.5 0 0.211240356453
20 1 -1.3 0 0.0515043004037
20 5 -1.5 -1 0.182087938312
20 5 -1.3 -1 0.0124497508021
20 5 -1.0 1 0.0310612083334
20 20 0 0 0.02583357059
20 50 0 -1.5 0.151459899739
20 50 0 -1 0.207167256862
20 100 -1.5 1.5 0.19575382844
20 100 -1.3 1.5 0.19575382844
20 100 -1.0 1.5 0.239063770981
20 250 -1.5 1.5 0.22188307959
20 250 -1.3 1.5 0.22188307959
20 250 -1.0 -1.5 0.0482276483527
20 250 -1.0 1.5 0.313735877454
20 250 1.0 -1.5 0.0291170887598
20 250 1.3 -1.5 0.147985050391
20 250 1.3 -1 0.146260385678
20 250 1.3 0 0.143924094581
20 250 1.3 1.5 0.0530472972064
20 250 1.5 -1.5 0.102421176299
20 250 1.5 -1 0.10053293065
20 250 1.5 0 0.0996083543297
