counter is 2535
20 50 -1.5 1 1 1 -1.0275730997 -0.491523762574
counter is 2536
20 50 -1.5 1.5 -1 -1 0.0430931815251 4.90784980529
counter is 2537
20 50 -1.5 1.5 -1 1 -0.0691306352061 5.12755117604
counter is 2538
20 50 -1.5 1.5 1 -1 -0.783939484836 -0.412834555918
counter is 2539
20 50 -1.5 1.5 1 1 -1.2759552165 -0.503913059432
counter is 2540
20 50 -1.3 -1.5 -1 -1 -1.04086209723 -0.454202873671
counter is 2541
20 50 -1.3 -1.5 -1 1 -0.125717305935 4.05446117604
counter is 2542
20 50 -1.3 -1.5 1 -1 0.0393098366623 4.55633093496
counter is 2543
20 50 -1.3 -1.5 1 1 -0.632989902325 0.162044786092
counter is 2544
20 50 -1.3 -1 -1 -1 -0.623068933034 0.602107126329
counter is 2545
20 50 -1.3 -1 -1 1 -0.104121698445 4.45784117604
counter is 2546
20 50 -1.3 -1 1 -1 0.231838671997 3.50002093496
counter is 2547
20 50 -1.3 -1 1 1 -0.75443115275 -0.241345213908
counter is 2548
20 50 -1.3 0 -1 -1 -0.0195324951811 4.07133093496
counter is 2549
20 50 -1.3 0 -1 1 -0.0343666320762 4.55780478609
counter is 2550
20 50 -1.3 0 1 -1 -0.450787144459 -0.0127724606906
counter is 2551
20 50 -1.3 0 1 1 -0.896065613476 -0.36964619326
counter is 2552
20 50 -1.3 1 -1 -1 0.0218108383258 4.41723093496
counter is 2553
20 50 -1.3 1 -1 1 -0.021815149936 4.68603478609
counter is 2554
20 50 -1.3 1 1 -1 -0.588785491194 -0.283484555918
counter is 2555
20 50 -1.3 1 1 1 -1.2286691251 -0.49787619326
counter is 2556
20 50 -1.3 1.5 -1 -1 0.0475263126342 4.60477093496
counter is 2557
20 50 -1.3 1.5 -1 1 -0.018980949509 4.73409478609
counter is 2558
20 50 -1.3 1.5 1 -1 -1.26795944135 -0.471024555918
counter is 2559
20 50 -1.3 1.5 1 1 -1.33415749276 -0.500603059432
counter is 2560
20 50 -1.0 -1.5 -1 -1 -0.686033254425 -0.500422873671
counter is 2561
20 50 -1.0 -1.5 -1 1 -0.146933033879 3.42805117604
counter is 2562
20 50 -1.0 -1.5 1 -1 -0.0938940981196 5.86860077255
counter is 2563
20 50 -1.0 -1.5 1 1 0.10706254491 2.42712077255
counter is 2564
20 50 -1.0 -1 -1 -1 -1.25044916879 -0.486352873671
counter is 2565
20 50 -1.0 -1 -1 1 -0.161229294013 5.98231117604
counter is 2566
20 50 -1.0 -1 1 -1 -0.0559142197681 5.85453077255
counter is 2567
20 50 -1.0 -1 1 1 -0.610913837475 -0.127129227446
counter is 2568
20 50 -1.0 0 -1 -1 -0.128169935905 5.15036077255
counter is 2569
20 50 -1.0 0 -1 1 -0.173748502238 6.08728077255
counter is 2570
20 50 -1.0 0 1 -1 -0.432587149388 0.267555358442
counter is 2571
20 50 -1.0 0 1 1 -0.746690953198 -0.283132749386
counter is 2572
20 50 -1.0 1 -1 -1 -0.101333909458 5.77685077255
counter is 2573
20 50 -1.0 1 -1 1 -0.155834975636 6.39408077255
counter is 2574
20 50 -1.0 1 1 -1 -1.13005673882 -0.428103614207
counter is 2575
20 50 -1.0 1 1 1 -1.66762291378 -0.56724619326
counter is 2576
20 50 -1.0 1.5 -1 -1 -0.103213205643 5.77827077255
counter is 2577
20 50 -1.0 1.5 -1 1 -0.157120614654 6.39721077255
counter is 2578
20 50 -1.0 1.5 1 -1 -0.768184796925 -0.384258475796
counter is 2579
20 50 -1.0 1.5 1 1 -1.57159598113 -0.525043059432
counter is 2580
20 50 0 -1.5 -1 -1 -1.43719584559 -0.559378867551
counter is 2581
20 50 0 -1.5 -1 1 -0.317514882022 0.852291176045
counter is 2582
20 50 0 -1.5 1 -1 0.12018608003 5.44303077255
counter is 2583
20 50 0 -1.5 1 1 0.00798121557169 4.12691077255
counter is 2584
20 50 0 -1 -1 -1 -0.71043477498 -0.509298867551
counter is 2585
20 50 0 -1 -1 1 -0.272078431552 1.39673117604
counter is 2586
20 50 0 -1 1 -1 0.113225826567 5.39295077255
counter is 2587
20 50 0 -1 1 1 0.0112846983414 3.58247077255
counter is 2588
20 50 0 0 -1 -1 -1.1776704029 -0.467609227446
counter is 2589
20 50 0 0 -1 1 0.167586145796 5.30732077255
counter is 2590
20 50 0 0 1 -1 0.154430627051 5.40372535844
counter is 2591
20 50 0 0 1 1 -1.23929534017 -0.374294218652
counter is 2592
20 50 0 1 -1 -1 0.228048601885 4.79624077255
counter is 2593
20 50 0 1 -1 1 0.178722873243 5.52505077255
counter is 2594
20 50 0 1 1 -1 -1.0819889278 0.0625921165019
counter is 2595
20 50 0 1 1 1 -1.71110757717 -0.57419619326
counter is 2596
20 50 0 1.5 -1 -1 0.223341533212 5.28972077255
counter is 2597
20 50 0 1.5 -1 1 0.160320629206 5.55171077255
counter is 2598
20 50 0 1.5 1 -1 -1.39758804843 -0.400718444147
counter is 2599
20 50 0 1.5 1 1 -1.86359170275 -0.583080069637
counter is 2600
20 50 1.0 -1.5 -1 -1 -1.43775852635 -0.580937519591
counter is 2601
20 50 1.0 -1.5 -1 1 -1.50849239344 -0.545958823955
counter is 2602
20 50 1.0 -1.5 1 -1 0.0954147634696 6.93907077255
counter is 2603
20 50 1.0 -1.5 1 1 0.257418916332 7.75364093496
counter is 2604
20 50 1.0 -1 -1 -1 -1.40857938205 -0.544105852463
counter is 2605
20 50 1.0 -1 -1 1 -1.23588280745 -0.415238823955
counter is 2606
20 50 1.0 -1 1 -1 0.0915548949064 6.94297077255
counter is 2607
20 50 1.0 -1 1 1 0.275744082996 7.62292093496
counter is 2608
20 50 1.0 0 -1 -1 -1.88399648705 -0.594659227446
counter is 2609
20 50 1.0 0 -1 1 -0.616048865379 0.349520934956
counter is 2610
20 50 1.0 0 1 -1 0.134536558476 7.03571535844
counter is 2611
20 50 1.0 0 1 1 0.0800235346807 6.81198578135
counter is 2612
20 50 1.0 1 -1 -1 -1.25920818311 -0.448939227446
counter is 2613
20 50 1.0 1 -1 1 0.299580932686 7.64597093496
counter is 2614
20 50 1.0 1 1 -1 -0.115156466086 6.8100973363
counter is 2615
20 50 1.0 1 1 1 -1.44913885462 -0.46663619326
counter is 2616
20 50 1.0 1.5 -1 -1 0.0647925736262 4.32262077255
counter is 2617
20 50 1.0 1.5 -1 1 0.281709677381 7.76053093496
counter is 2618
20 50 1.0 1.5 1 -1 -0.288600202949 2.07132155585
counter is 2619
20 50 1.0 1.5 1 1 -1.73446140176 -0.534447327947
counter is 2620
20 50 1.3 -1.5 -1 -1 -1.48867596486 -0.554776955154
counter is 2621
20 50 1.3 -1.5 -1 1 -1.2116325513 -0.518258823955
counter is 2622
20 50 1.3 -1.5 1 -1 -0.107544755038 4.58717077255
counter is 2623
20 50 1.3 -1.5 1 1 0.00490159695562 5.09291478609
counter is 2624
20 50 1.3 -1 -1 -1 -1.46390153452 -0.549936955154
counter is 2625
20 50 1.3 -1 -1 1 -1.02408392156 -0.356948823955
counter is 2626
20 50 1.3 -1 1 -1 -0.111818344974 4.58233077255
counter is 2627
20 50 1.3 -1 1 1 0.0112737827353 4.93160478609
counter is 2628
20 50 1.3 0 -1 -1 -1.18211948097 -0.476149227446
counter is 2629
20 50 1.3 0 -1 1 -0.762611474329 -0.0516752139078
counter is 2630
20 50 1.3 0 1 -1 -0.0928001123279 4.55706535844
counter is 2631
20 50 1.3 0 1 1 -0.208601874755 4.57529725061
counter is 2632
20 50 1.3 1 -1 -1 -1.27945735218 -0.461159227446
counter is 2633
20 50 1.3 1 -1 1 0.108484984891 2.70171478609
counter is 2634
20 50 1.3 1 1 -1 -0.352141441553 4.4621773363
counter is 2635
20 50 1.3 1 1 1 -0.554192202061 1.84459380674
counter is 2636
20 50 1.3 1.5 -1 -1 -0.494054853203 1.03242077255
counter is 2637
20 50 1.3 1.5 -1 1 0.0461735253984 5.05400478609
counter is 2638
20 50 1.3 1.5 1 -1 -0.388539015048 3.00138155585
counter is 2639
20 50 1.3 1.5 1 1 -1.420307888 -0.489920069637
counter is 2640
20 50 1.5 -1.5 -1 -1 -1.56326102663 -0.560876955154
counter is 2641
20 50 1.5 -1.5 -1 1 -1.53285410451 -0.553168823955
counter is 2642
20 50 1.5 -1.5 1 -1 -0.125786940978 4.76028077255
counter is 2643
20 50 1.5 -1.5 1 1 -0.0504219336178 4.97226077255
counter is 2644
20 50 1.5 -1 -1 -1 -1.5296624336 -0.557216955154
counter is 2645
20 50 1.5 -1 -1 1 -1.0493252435 -0.370118823955
counter is 2646
20 50 1.5 -1 1 -1 -0.129592115696 4.75662077255
counter is 2647
20 50 1.5 -1 1 1 -0.0522992209345 4.78921077255
counter is 2648
20 50 1.5 0 -1 -1 -1.45947620053 -0.522549227446
counter is 2649
20 50 1.5 0 -1 1 -0.820686946288 -0.0987292274458
counter is 2650
20 50 1.5 0 1 -1 -0.101252056206 4.77047535844
counter is 2651
20 50 1.5 0 1 1 0.0286268061583 4.55958535844
counter is 2652
20 50 1.5 1 -1 -1 -1.34663676969 -0.490859227446
counter is 2653
20 50 1.5 1 -1 1 -0.286710431067 0.942720772554
counter is 2654
20 50 1.5 1 1 -1 -0.364816809736 4.6588873363
counter is 2655
20 50 1.5 1 1 1 -0.304011727782 3.44895638579
counter is 2656
20 50 1.5 1.5 -1 -1 -1.10634119033 -0.373259227446
counter is 2657
20 50 1.5 1.5 -1 1 -0.0149258244447 4.96365077255
counter is 2658
20 50 1.5 1.5 1 -1 -0.311087749282 4.57407155585
counter is 2659
20 50 1.5 1.5 1 1 -1.67878508859 -0.549908444147
counter is 2660
20 100 -1.5 -1.5 -1 -1 -0.99420081589 -0.405197671798
counter is 2661
20 100 -1.5 -1.5 -1 1 0.303304065172 11.184741176
counter is 2662
20 100 -1.5 -1.5 1 -1 0.434062357011 11.3930698053
counter is 2663
20 100 -1.5 -1.5 1 1 -0.56364790993 0.14950945082
counter is 2664
20 100 -1.5 -1 -1 -1 0.270232058678 5.64923414754
counter is 2665
20 100 -1.5 -1 -1 1 0.295448968643 11.245891176
counter is 2666
20 100 -1.5 -1 1 -1 0.590752717594 5.38173980529
counter is 2667
20 100 -1.5 -1 1 1 -0.479775410872 0.0883594508202
counter is 2668
20 100 -1.5 0 -1 -1 0.466835463881 10.7222398053
counter is 2669
20 100 -1.5 0 -1 1 0.27354401211 11.401061176
counter is 2670
20 100 -1.5 0 1 -1 -0.554047360581 0.257617539309
counter is 2671
20 100 -1.5 0 1 1 -0.593419923212 -0.117563762574
counter is 2672
20 100 -1.5 1 -1 -1 0.446060496531 11.3298198053
counter is 2673
20 100 -1.5 1 -1 1 0.282071751386 11.726361176
counter is 2674
20 100 -1.5 1 1 -1 -0.98645743395 -0.333937883498
counter is 2675
20 100 -1.5 1 1 1 -0.996651719431 -0.442863762574
counter is 2676
20 100 -1.5 1.5 -1 -1 0.443766668108 11.4631698053
counter is 2677
20 100 -1.5 1.5 -1 1 0.287280293028 11.843861176
counter is 2678
20 100 -1.5 1.5 1 -1 -1.0438371677 -0.408124555918
counter is 2679
20 100 -1.5 1.5 1 1 -1.48583044958 -0.510783059432
counter is 2680
20 100 -1.3 -1.5 -1 -1 -0.900678861908 -0.375272873671
counter is 2681
20 100 -1.3 -1.5 -1 1 0.220384069145 9.09429117604
counter is 2682
20 100 -1.3 -1.5 1 -1 0.366691516884 10.110420935
counter is 2683
20 100 -1.3 -1.5 1 1 -0.225734760273 1.05336478609
counter is 2684
20 100 -1.3 -1 -1 -1 0.00912555142085 2.19050712633
counter is 2685
20 100 -1.3 -1 -1 1 0.237412637434 10.201111176
counter is 2686
20 100 -1.3 -1 1 -1 0.528226731185 7.54464093496
counter is 2687
20 100 -1.3 -1 1 1 -0.70240944462 -0.0534552139078
counter is 2688
20 100 -1.3 0 -1 -1 0.410652484261 9.59201093496
counter is 2689
20 100 -1.3 0 -1 1 0.295701876667 10.3414447861
counter is 2690
20 100 -1.3 0 1 -1 -0.766996713688 0.0995675393094
counter is 2691
20 100 -1.3 0 1 1 -0.837968401667 -0.22213619326
counter is 2692
20 100 -1.3 1 -1 -1 0.388744923312 10.161580935
counter is 2693
20 100 -1.3 1 -1 1 0.303381688248 10.5944547861
counter is 2694
20 100 -1.3 1 1 -1 -1.27641990658 -0.394814555918
counter is 2695
20 100 -1.3 1 1 1 -1.2906145833 -0.47514619326
counter is 2696
20 100 -1.3 1.5 -1 -1 0.386870188789 10.249480935
counter is 2697
20 100 -1.3 1.5 -1 1 0.302240500246 10.6558447861
counter is 2698
20 100 -1.3 1.5 1 -1 -1.47454056732 -0.482714555918
counter is 2699
20 100 -1.3 1.5 1 1 -1.40516471586 -0.491203059432
counter is 2700
20 100 -1.0 -1.5 -1 -1 -0.104495090073 -0.420802873671
counter is 2701
20 100 -1.0 -1.5 -1 1 0.170260869436 7.39240117604
counter is 2702
20 100 -1.0 -1.5 1 -1 0.165142077494 12.7508707726
counter is 2703
20 100 -1.0 -1.5 1 1 0.383160593101 5.57929077255
counter is 2704
20 100 -1.0 -1 -1 -1 -0.971730181191 -0.374032873671
counter is 2705
20 100 -1.0 -1 -1 1 0.0946018121262 12.810391176
counter is 2706
20 100 -1.0 -1 1 -1 0.205025621216 12.7041007726
counter is 2707
20 100 -1.0 -1 1 1 -0.582437965436 0.161300772554
counter is 2708
20 100 -1.0 0 -1 -1 0.150073085895 11.0144207726
counter is 2709
20 100 -1.0 0 -1 1 0.0678186818927 13.0024207726
counter is 2710
20 100 -1.0 0 1 -1 -0.0638168320724 1.36538535844
counter is 2711
20 100 -1.0 0 1 1 -0.741378704432 -0.0817627493859
counter is 2712
20 100 -1.0 1 -1 -1 0.171094924488 12.8008607726
counter is 2713
20 100 -1.0 1 -1 1 0.0792770541231 13.4369507726
counter is 2714
20 100 -1.0 1 1 -1 -1.48816204696 -0.490223614207
counter is 2715
20 100 -1.0 1 1 1 -1.40139034361 -0.49360619326
counter is 2716
20 100 -1.0 1.5 -1 -1 0.167016504951 12.7284607726
counter is 2717
20 100 -1.0 1.5 -1 1 0.0800082802188 13.5229507726
counter is 2718
20 100 -1.0 1.5 1 -1 -1.05420113796 -0.372558475796
counter is 2719
20 100 -1.0 1.5 1 1 -1.72544362898 -0.534273059432
counter is 2720
20 100 0 -1.5 -1 -1 -0.66285578591 -0.510378867551
counter is 2721
20 100 0 -1.5 -1 1 0.339103258247 2.30674117604
counter is 2722
20 100 0 -1.5 1 -1 0.205648941972 10.8020707726
counter is 2723
20 100 0 -1.5 1 1 0.21146974342 9.03459077255
counter is 2724
20 100 0 -1 -1 -1 0.445675553862 -0.364918867551
counter is 2725
20 100 0 -1 -1 1 0.310546263219 4.34933117604
counter is 2726
20 100 0 -1 1 -1 0.194914659793 10.6566107726
counter is 2727
20 100 0 -1 1 1 0.142572029222 6.99200077255
counter is 2728
20 100 0 0 -1 -1 -0.281931514874 -0.145049227446
counter is 2729
20 100 0 0 -1 1 0.34991884432 11.4582807726
counter is 2730
20 100 0 0 1 -1 0.225105337105 10.4892053584
counter is 2731
20 100 0 0 1 1 -1.12975505922 -0.163124218652
counter is 2732
20 100 0 1 -1 -1 0.284309977518 9.42006077255
counter is 2733
20 100 0 1 -1 1 0.342428220127 11.7273407726
counter is 2734
20 100 0 1 1 -1 -0.80979675212 0.846812116502
counter is 2735
20 100 0 1 1 1 -1.3381165346 -0.41435619326
counter is 2736
20 100 0 1.5 -1 -1 0.274474869985 10.1773107726
counter is 2737
20 100 0 1.5 -1 1 0.319935039283 11.8021807726
counter is 2738
20 100 0 1.5 1 -1 -0.949405765269 0.119731555853
counter is 2739
20 100 0 1.5 1 1 -1.36910767012 -0.471420069637
counter is 2740
20 100 1.0 -1.5 -1 -1 -1.39524630999 -0.570447519591
counter is 2741
20 100 1.0 -1.5 -1 1 -0.61649746952 -0.343488823955
counter is 2742
20 100 1.0 -1.5 1 -1 0.171333497561 13.6628007726
counter is 2743
20 100 1.0 -1.5 1 1 0.263356015998 14.260400935
counter is 2744
20 100 1.0 -1 -1 -1 -1.11129289949 -0.510005852463
counter is 2745
20 100 1.0 -1 -1 1 -0.179736255287 0.499561176045
counter is 2746
20 100 1.0 -1 1 -1 0.166576523305 13.6430907726
counter is 2747
20 100 1.0 -1 1 1 0.25525488132 13.417350935
counter is 2748
20 100 1.0 0 -1 -1 -0.857005502197 -0.358399227446
counter is 2749
20 100 1.0 0 -1 1 -0.207596772386 1.70834093496
counter is 2750
20 100 1.0 0 1 -1 0.192557545693 13.5336753584
counter is 2751
20 100 1.0 0 1 1 0.0503842292005 12.1623957813
counter is 2752
20 100 1.0 1 -1 -1 -0.496468768175 0.243070772554
counter is 2753
20 100 1.0 1 -1 1 0.308371107735 14.347560935
counter is 2754
20 100 1.0 1 1 -1 -0.0763454141436 12.8523073363
counter is 2755
20 100 1.0 1 1 1 -1.47399145977 -0.45899619326
counter is 2756
20 100 1.0 1.5 -1 -1 0.228322924119 9.55319077255
counter is 2757
20 100 1.0 1.5 -1 1 0.28737034597 14.451370935
counter is 2758
20 100 1.0 1.5 1 -1 -0.306299431863 3.57496155585
counter is 2759
20 100 1.0 1.5 1 1 -1.64060888261 -0.516057327947
counter is 2760
20 100 1.3 -1.5 -1 -1 -1.4353675488 -0.545906955154
counter is 2761
20 100 1.3 -1.5 -1 1 -0.446808675202 -0.384858823955
counter is 2762
20 100 1.3 -1.5 1 -1 0.0810428931633 10.8210007726
counter is 2763
20 100 1.3 -1.5 1 1 0.14979238861 11.1971247861
counter is 2764
20 100 1.3 -1 -1 -1 -1.09491133797 -0.494366955154
counter is 2765
20 100 1.3 -1 -1 1 -0.218080666543 0.224701176045
counter is 2766
20 100 1.3 -1 1 -1 0.0738143904053 10.7694607726
counter is 2767
20 100 1.3 -1 1 1 0.144891913612 10.5875647861
counter is 2768
20 100 1.3 0 -1 -1 -0.407424929891 -0.236039227446
counter is 2769
20 100 1.3 0 -1 1 -0.203234566292 1.07542478609
counter is 2770
20 100 1.3 0 1 -1 0.0878421699514 10.5596553584
counter is 2771
20 100 1.3 0 1 1 -0.116466771292 9.68580725061
counter is 2772
20 100 1.3 1 -1 -1 -0.56094442914 0.0997707725542
counter is 2773
20 100 1.3 1 -1 1 0.184195932243 5.59137478609
counter is 2774
20 100 1.3 1 1 -1 -0.177952189101 10.1439473363
counter is 2775
20 100 1.3 1 1 1 -0.255857703238 5.19254380674
counter is 2776
20 100 1.3 1.5 -1 -1 0.00600702642064 4.32209077255
counter is 2777
20 100 1.3 1.5 -1 1 0.188091322917 11.3246347861
counter is 2778
20 100 1.3 1.5 1 -1 -0.248195253432 5.95440155585
counter is 2779
20 100 1.3 1.5 1 1 -1.60166955288 -0.522940069637
counter is 2780
20 100 1.5 -1.5 -1 -1 -1.57022345718 -0.560236955154
counter is 2781
20 100 1.5 -1.5 -1 1 -0.92132977954 -0.503928823955
counter is 2782
20 100 1.5 -1.5 1 -1 0.00786233815467 9.44997077255
counter is 2783
20 100 1.5 -1.5 1 1 0.062465787166 9.85225077255
counter is 2784
20 100 1.5 -1 -1 -1 -1.14011367396 -0.510496955154
counter is 2785
20 100 1.5 -1 -1 1 -0.305814728297 0.130821176045
counter is 2786
20 100 1.5 -1 1 -1 0.00204362530213 9.40023077255
counter is 2787
20 100 1.5 -1 1 1 0.0515572950658 9.21750077255
counter is 2788
20 100 1.5 0 -1 -1 -0.664534218061 -0.358969227446
counter is 2789
20 100 1.5 0 -1 1 -0.260718073736 0.966490772554
counter is 2790
20 100 1.5 0 1 -1 0.0253279242279 9.29722535844
counter is 2791
20 100 1.5 0 1 1 0.0901034728837 8.42359535844
counter is 2792
20 100 1.5 1 -1 -1 -0.743255615404 -0.153469227446
counter is 2793
20 100 1.5 1 -1 1 -0.207588665666 2.06854077255
counter is 2794
20 100 1.5 1 1 -1 -0.240091898724 9.0118273363
counter is 2795
20 100 1.5 1 1 1 -0.161852893048 7.25236638579
counter is 2796
20 100 1.5 1.5 -1 -1 -0.943456434551 -0.158599227446
counter is 2797
20 100 1.5 1.5 -1 1 0.101227617551 10.1201307726
counter is 2798
20 100 1.5 1.5 1 -1 -0.171845787228 9.04974155585
counter is 2799
20 100 1.5 1.5 1 1 -2.08751476545 -0.777158444147
counter is 2800
20 250 -1.5 -1.5 -1 -1 -1.20523258309 -0.416187671798
counter is 2801
20 250 -1.5 -1.5 -1 1 0.379029110701 19.592111176
counter is 2802
20 250 -1.5 -1.5 1 -1 0.457492358488 19.7548798053
counter is 2803
20 250 -1.5 -1.5 1 1 -0.882434644458 0.11449945082
counter is 2804
20 250 -1.5 -1 -1 -1 0.312230106993 10.3036441475
counter is 2805
20 250 -1.5 -1 -1 1 0.368776272966 19.610201176
counter is 2806
20 250 -1.5 -1 1 -1 0.428940989426 9.07814980529
counter is 2807
20 250 -1.5 -1 1 1 -0.849273176054 0.0964094508202
counter is 2808
20 250 -1.5 0 -1 -1 0.466344651719 18.1252298053
counter is 2809
20 250 -1.5 0 -1 1 0.34736180274 19.680351176
counter is 2810
20 250 -1.5 0 1 -1 -0.385293021854 1.20544753931
counter is 2811
20 250 -1.5 0 1 1 -1.01019421504 -0.0244937625741
counter is 2812
20 250 -1.5 1 -1 -1 0.466403891357 19.4516998053
counter is 2813
20 250 -1.5 1 -1 1 0.347184060614 20.119921176
counter is 2814
20 250 -1.5 1 1 -1 -0.976321328154 -0.104997883498
counter is 2815
20 250 -1.5 1 1 1 -1.41557555602 -0.464063762574
counter is 2816
20 250 -1.5 1.5 -1 -1 0.465346527525 19.7472698053
counter is 2817
20 250 -1.5 1.5 -1 1 0.346821454831 20.173471176
counter is 2818
20 250 -1.5 1.5 1 -1 -1.20070174694 -0.341404555918
counter is 2819
20 250 -1.5 1.5 1 1 -1.38029748916 -0.468033059432
counter is 2820
20 250 -1.3 -1.5 -1 -1 -0.634450531901 -0.182002873671
counter is 2821
20 250 -1.3 -1.5 -1 1 0.31862431699 16.257191176
counter is 2822
20 250 -1.3 -1.5 1 -1 0.437968071566 18.637420935
counter is 2823
20 250 -1.3 -1.5 1 1 -0.0668453026007 2.47307478609
counter is 2824
20 250 -1.3 -1 -1 -1 0.140958889177 4.19781712633
counter is 2825
20 250 -1.3 -1 -1 1 0.342472640417 18.711571176
counter is 2826
20 250 -1.3 -1 1 -1 0.52632183392 14.257600935
counter is 2827
20 250 -1.3 -1 1 1 -0.858057085335 0.0186947860922
counter is 2828
20 250 -1.3 0 -1 -1 0.455378376065 17.241540935
counter is 2829
20 250 -1.3 0 -1 1 0.402021553058 18.7835547861
counter is 2830
20 250 -1.3 0 1 -1 -0.37134849605 1.17030753931
counter is 2831
20 250 -1.3 0 1 1 -1.02335002233 -0.0816361932603
counter is 2832
20 250 -1.3 1 -1 -1 0.460112409489 18.691120935
counter is 2833
20 250 -1.3 1 -1 1 0.402794248188 19.1112347861
counter is 2834
20 250 -1.3 1 1 -1 -1.09546408599 -0.204084555918
counter is 2835
20 250 -1.3 1 1 1 -1.32012291685 -0.40931619326
counter is 2836
20 250 -1.3 1.5 -1 -1 0.457246503828 18.828260935
counter is 2837
20 250 -1.3 1.5 -1 1 0.401932051763 19.2473747861
counter is 2838
20 250 -1.3 1.5 1 -1 -1.20872759001 -0.341224555918
counter is 2839
20 250 -1.3 1.5 1 1 -1.58478564619 -0.500123059432
counter is 2840
20 250 -1.0 -1.5 -1 -1 -0.0844737095311 -0.288122873671
counter is 2841
20 250 -1.0 -1.5 -1 1 0.283873657386 13.590571176
counter is 2842
20 250 -1.0 -1.5 1 -1 0.309923489533 24.3417707726
counter is 2843
20 250 -1.0 -1.5 1 1 0.380702449206 10.9974507726
counter is 2844
20 250 -1.0 -1 -1 -1 -0.708156559515 -0.0575828736706
counter is 2845
20 250 -1.0 -1 -1 1 0.252519762037 24.274491176
counter is 2846
20 250 -1.0 -1 1 -1 0.3371926947 24.1112307726
counter is 2847
20 250 -1.0 -1 1 1 -0.745075849745 0.313530772554
counter is 2848
20 250 -1.0 0 -1 -1 0.300476954948 21.0745507726
counter is 2849
20 250 -1.0 0 -1 1 0.240057471632 24.6015907726
counter is 2850
20 250 -1.0 0 1 -1 0.0459017351477 3.02883535844
counter is 2851
20 250 -1.0 0 1 1 -1.12901933837 -0.0646027493859
counter is 2852
20 250 -1.0 1 -1 -1 0.319330480883 24.4243107726
counter is 2853
20 250 -1.0 1 -1 1 0.243243706329 24.9632107726
counter is 2854
20 250 -1.0 1 1 -1 -1.3903719969 -0.390093614207
counter is 2855
20 250 -1.0 1 1 1 -1.32661694813 -0.40353619326
counter is 2856
20 250 -1.0 1.5 -1 -1 0.315801948101 24.3134907726
counter is 2857
20 250 -1.0 1.5 -1 1 0.244338888404 25.2026107726
counter is 2858
20 250 -1.0 1.5 1 -1 -1.09990960568 -0.234008475796
counter is 2859
20 250 -1.0 1.5 1 1 -2.04257836821 -0.597603059432
counter is 2860
20 250 0 -1.5 -1 -1 -0.817261147181 -0.476088867551
counter is 2861
20 250 0 -1.5 -1 1 0.171088836268 3.32480117604
counter is 2862
20 250 0 -1.5 1 -1 0.401595487009 24.1654607726
counter is 2863
20 250 0 -1.5 1 1 0.409730310309 20.3917207726
counter is 2864
20 250 0 -1 -1 -1 -0.73692862276 -0.387728867551
counter is 2865
20 250 0 -1 -1 1 0.230811483302 6.92995117604
counter is 2866
20 250 0 -1 1 -1 0.397655440182 24.0771007726
counter is 2867
20 250 0 -1 1 1 0.384280057809 16.7865707726
counter is 2868
20 250 0 0 -1 -1 -0.692378807332 -0.0313492274458
counter is 2869
20 250 0 0 -1 1 0.469925362809 23.5357907726
counter is 2870
20 250 0 0 1 -1 0.432145168024 23.7731853584
counter is 2871
20 250 0 0 1 1 -1.06957970491 0.134555781348
counter is 2872
20 250 0 1 -1 -1 0.436026282917 20.0513107726
counter is 2873
20 250 0 1 -1 1 0.463023888503 24.0070907726
counter is 2874
20 250 0 1 1 -1 -0.34099990911 3.6132421165
counter is 2875
20 250 0 1 1 1 -1.32278125472 -0.31891619326
counter is 2876
20 250 0 1.5 -1 -1 0.439646466393 22.2156507726
counter is 2877
20 250 0 1.5 -1 1 0.448607945075 24.3451407726
counter is 2878
20 250 0 1.5 1 -1 -0.464853496998 1.47907155585
counter is 2879
20 250 0 1.5 1 1 -1.83904510637 -0.639190069637
counter is 2880
20 250 1.0 -1.5 -1 -1 -1.97047394559 -0.626587519591
counter is 2881
20 250 1.0 -1.5 -1 1 -1.03881779693 -0.357438823955
counter is 2882
20 250 1.0 -1.5 1 -1 0.390128852562 31.1345107726
counter is 2883
20 250 1.0 -1.5 1 1 0.459856910699 30.938100935
counter is 2884
20 250 1.0 -1 -1 -1 -1.21644804274 -0.502855852463
counter is 2885
20 250 1.0 -1 -1 1 -0.215637782827 1.30307117604
counter is 2886
20 250 1.0 -1 1 -1 0.385980201779 31.0515107726
counter is 2887
20 250 1.0 -1 1 1 0.45370793522 29.277590935
counter is 2888
20 250 1.0 0 -1 -1 -1.02278274687 -0.308089227446
counter is 2889
20 250 1.0 0 -1 1 0.192160286898 5.30335093496
counter is 2890
20 250 1.0 0 1 -1 0.418130890935 30.8989353584
counter is 2891
20 250 1.0 0 1 1 0.206756555954 25.2311357813
counter is 2892
20 250 1.0 1 -1 -1 -0.661272769879 0.508300772554
counter is 2893
20 250 1.0 1 -1 1 0.487540920808 30.470390935
counter is 2894
20 250 1.0 1 1 -1 0.175296607601 30.0026473363
counter is 2895
20 250 1.0 1 1 1 -1.07542397732 0.0819238067397
counter is 2896
20 250 1.0 1.5 -1 -1 0.382251614202 20.3692907726
counter is 2897
20 250 1.0 1.5 -1 1 0.473738428987 31.030580935
counter is 2898
20 250 1.0 1.5 1 -1 0.0600333294278 10.1744415559
counter is 2899
20 250 1.0 1.5 1 1 -1.4379340469 -0.431517327947
counter is 2900
20 250 1.3 -1.5 -1 -1 -1.57990166496 -0.560196955154
counter is 2901
20 250 1.3 -1.5 -1 1 -1.05435174011 -0.425018823955
counter is 2902
20 250 1.3 -1.5 1 -1 0.324683539286 25.6796507726
counter is 2903
20 250 1.3 -1.5 1 1 0.380466196524 25.6360247861
counter is 2904
20 250 1.3 -1 -1 -1 -1.46121637519 -0.537446955154
counter is 2905
20 250 1.3 -1 -1 1 -0.358887616192 0.583131176045
counter is 2906
20 250 1.3 -1 1 -1 0.320134185395 25.6569007726
counter is 2907
20 250 1.3 -1 1 1 0.381680098913 24.6278747861
counter is 2908
20 250 1.3 0 -1 -1 -0.811008858357 -0.206699227446
counter is 2909
20 250 1.3 0 -1 1 0.0587442815322 2.82580478609
counter is 2910
20 250 1.3 0 1 -1 0.343046189263 25.3746753584
counter is 2911
20 250 1.3 0 1 1 0.108254869715 22.3341672506
counter is 2912
20 250 1.3 1 -1 -1 -0.725687772838 0.289910772554
counter is 2913
20 250 1.3 1 -1 1 0.292134425805 10.9817747861
counter is 2914
20 250 1.3 1 1 -1 0.0974918363196 24.7981673363
counter is 2915
20 250 1.3 1 1 1 0.089788653702 14.2008838067
counter is 2916
20 250 1.3 1.5 -1 -1 0.157460738113 9.18773077255
counter is 2917
20 250 1.3 1.5 -1 1 0.405482927697 25.4842747861
counter is 2918
20 250 1.3 1.5 1 -1 0.087438705773 15.9331315559
counter is 2919
20 250 1.3 1.5 1 1 -1.22421385874 -0.283840069637
counter is 2920
20 250 1.5 -1.5 -1 -1 -1.49180819816 -0.550906955154
counter is 2921
20 250 1.5 -1.5 -1 1 -1.42290059601 -0.535118823955
counter is 2922
20 250 1.5 -1.5 1 -1 0.282159150557 24.4269907726
counter is 2923
20 250 1.5 -1.5 1 1 0.327985613582 24.6361407726
counter is 2924
20 250 1.5 -1 -1 -1 -1.4304238581 -0.535306955154
counter is 2925
20 250 1.5 -1 -1 1 -0.368951390863 0.503171176045
counter is 2926
20 250 1.5 -1 1 -1 0.278403635466 24.4113907726
counter is 2927
20 250 1.5 -1 1 1 0.325846303536 23.5978507726
counter is 2928
20 250 1.5 0 -1 -1 -0.914911496084 -0.321839227446
counter is 2929
20 250 1.5 0 -1 1 0.0790374932652 2.82316077255
counter is 2930
20 250 1.5 0 1 -1 0.305388401086 24.2464453584
counter is 2931
20 250 1.5 0 1 1 0.346569016468 21.3196253584
counter is 2932
20 250 1.5 1 -1 -1 -0.740744260344 0.133120772554
counter is 2933
20 250 1.5 1 -1 1 0.1846183115 6.57698077255
counter is 2934
20 250 1.5 1 1 -1 0.0557275187596 23.7115873363
counter is 2935
20 250 1.5 1 1 1 0.0832592731294 17.4966363858
counter is 2936
20 250 1.5 1.5 -1 -1 -0.722810784821 0.398010772554
counter is 2937
20 250 1.5 1.5 -1 1 0.352462701111 24.5008307726
counter is 2938
20 250 1.5 1.5 1 -1 0.127674347892 23.4794815559
counter is 2939
20 250 1.5 1.5 1 1 -1.41449123538 -0.405158444147
