counter is 36
10 1 -1.3 1.5 -1 -1 -0.902211050367 -0.307195087797
counter is 37
10 1 -1.3 1.5 -1 1 -0.837154060729 -0.279925087797
counter is 38
10 1 -1.3 1.5 1 -1 -0.969750447224 -0.593122868531
counter is 39
10 1 -1.3 1.5 1 1 -1.25318491547 -0.602090963592
counter is 40
10 1 -1.0 -1.5 -1 -1 -0.578904964687 -0.350388646291
counter is 41
10 1 -1.0 -1.5 -1 1 -0.339157193598 -0.0920753653459
counter is 42
10 1 -1.0 -1.5 1 -1 -0.311421479265 -0.0256950877966
counter is 43
10 1 -1.0 -1.5 1 1 -1.26925453525 -0.469045087797
counter is 44
10 1 -1.0 -1 -1 -1 -0.238288032132 -0.335038379462
counter is 45
10 1 -1.0 -1 -1 1 -0.296343454066 -0.029208379462
counter is 46
10 1 -1.0 -1 1 -1 -0.360769333134 -0.0510750877966
counter is 47
10 1 -1.0 -1 1 1 -2.03244177446 -0.546275087797
counter is 48
10 1 -1.0 0 -1 -1 -0.0279796136368 0.0531770179586
counter is 49
10 1 -1.0 0 -1 1 -0.616440771187 -0.177541768108
counter is 50
10 1 -1.0 0 1 -1 -1.22536716952 -0.457785087797
counter is 51
10 1 -1.0 0 1 1 -2.05628429959 -0.536695087797
counter is 52
10 1 -1.0 1 -1 -1 -0.357379782724 -0.0509155329412
counter is 53
10 1 -1.0 1 -1 1 -0.679600274582 -0.206115532941
counter is 54
10 1 -1.0 1 1 -1 -0.898002919719 -0.45781721946
counter is 55
10 1 -1.0 1 1 1 -1.58005277353 -0.49197721946
counter is 56
10 1 -1.0 1.5 -1 -1 -0.341020412663 -0.0417350877966
counter is 57
10 1 -1.0 1.5 -1 1 -0.665184077613 -0.200595087797
counter is 58
10 1 -1.0 1.5 1 -1 -0.770550107281 -0.593556372921
counter is 59
10 1 -1.0 1.5 1 1 -2.33684437966 -0.617230963592
counter is 60
10 1 0 -1.5 -1 -1 -2.20991407676 -0.378217661536
counter is 61
10 1 0 -1.5 -1 1 -1.75033300402 -0.489388646291
counter is 62
10 1 0 -1.5 1 -1 -1.56415076528 -0.595465087797
counter is 63
10 1 0 -1.5 1 1 -2.07522108715 -0.828285087797
counter is 64
10 1 0 -1 -1 -1 -1.33463766121 -0.368368379462
counter is 65
10 1 0 -1 -1 1 -2.02873167644 -0.599121748612
counter is 66
10 1 0 -1 1 -1 -1.57193821408 -0.599605087797
counter is 67
10 1 0 -1 1 1 -1.86977185737 -0.715415087797
counter is 68
10 1 0 0 -1 -1 -1.50695992627 -0.403502982041
counter is 69
10 1 0 0 -1 1 -2.31435198239 -0.980621768108
counter is 70
10 1 0 0 1 -1 -1.53883102189 -0.582955087797
counter is 71
10 1 0 0 1 1 -1.1625342895 -0.485825087797
counter is 72
10 1 0 1 -1 -1 -1.4600454071 -0.542085532941
counter is 73
10 1 0 1 -1 1 -2.25727954568 -0.959045532941
counter is 74
10 1 0 1 1 -1 -1.84579320896 -0.54849721946
counter is 75
10 1 0 1 1 1 -1.53473099943 -0.49125721946
counter is 76
10 1 0 1.5 -1 -1 -1.57022273755 -0.593705087797
counter is 77
10 1 0 1.5 -1 1 -2.27932551502 -0.972265087797
counter is 78
10 1 0 1.5 1 -1 -1.9783436181 -0.623446372921
counter is 79
10 1 0 1.5 1 1 -1.18700957389 -0.599218836797
counter is 80
10 1 1.0 -1.5 -1 -1 -0.583949354279 -0.348558646291
counter is 81
10 1 1.0 -1.5 -1 1 -1.05095319011 -0.348420062708
counter is 82
10 1 1.0 -1.5 1 -1 -1.83528218278 -0.674995087797
counter is 83
10 1 1.0 -1.5 1 1 -0.861064910255 -0.284735087797
counter is 84
10 1 1.0 -1 -1 -1 0.0943906811848 -0.344208379462
counter is 85
10 1 1.0 -1 -1 1 -0.899528732734 -0.317830062708
counter is 86
10 1 1.0 -1 1 -1 -1.87214871544 -0.689375087797
counter is 87
10 1 1.0 -1 1 1 -0.912204831107 -0.315325087797
counter is 88
10 1 1.0 0 -1 -1 -0.37415565181 -0.355812982041
counter is 89
10 1 1.0 0 -1 1 -1.16875301683 -0.428441768108
counter is 90
10 1 1.0 0 1 -1 -1.89190034077 -0.696255087797
counter is 91
10 1 1.0 0 1 1 -0.87142086362 -0.342965087797
counter is 92
10 1 1.0 1 -1 -1 -0.0342574520701 -0.418335532941
counter is 93
10 1 1.0 1 -1 1 -0.79920767295 -0.240025532941
counter is 94
10 1 1.0 1 1 -1 -2.02056985681 -0.73785721946
counter is 95
10 1 1.0 1 1 1 -1.96862732781 -0.51523721946
counter is 96
10 1 1.0 1.5 -1 -1 -1.86378628915 -0.657265087797
counter is 97
10 1 1.0 1.5 -1 1 -0.922053288948 -0.298045087797
counter is 98
10 1 1.0 1.5 1 -1 -1.90829029136 -0.625496372921
counter is 99
10 1 1.0 1.5 1 1 -0.55360064902 -0.583786372921
counter is 100
10 1 1.3 -1.5 -1 -1 -2.0099947138 -0.424599744012
counter is 101
10 1 1.3 -1.5 -1 1 -1.30948250267 -0.359538646291
counter is 102
10 1 1.3 -1.5 1 -1 -0.634545165175 -0.259585087797
counter is 103
10 1 1.3 -1.5 1 1 -1.51426462174 -0.559025087797
counter is 104
10 1 1.3 -1 -1 -1 -0.314031035175 -0.335881748612
counter is 105
10 1 1.3 -1 -1 1 -1.37531444708 -0.383948379462
counter is 106
10 1 1.3 -1 1 -1 -0.698985038298 -0.280045087797
counter is 107
10 1 1.3 -1 1 1 -1.48354379069 -0.544645087797
counter is 108
10 1 1.3 0 -1 -1 -0.915820899341 -0.488401768108
counter is 109
10 1 1.3 0 -1 1 -1.47700531816 -0.512741768108
counter is 110
10 1 1.3 0 1 -1 -0.697182609537 -0.279445087797
counter is 111
10 1 1.3 0 1 1 -1.53124676297 -0.554605087797
counter is 112
10 1 1.3 1 -1 -1 -0.569337486754 -0.460765532941
counter is 113
10 1 1.3 1 -1 1 -1.47489071386 -0.523465532941
counter is 114
10 1 1.3 1 1 -1 -0.746086927282 -0.29093721946
counter is 115
10 1 1.3 1 1 1 -1.52423580518 -0.52774721946
counter is 116
10 1 1.3 1.5 -1 -1 -0.912746087938 -0.408295087797
counter is 117
10 1 1.3 1.5 -1 1 -1.57328642243 -0.584395087797
counter is 118
10 1 1.3 1.5 1 -1 -1.21015552164 -0.469986372921
counter is 119
10 1 1.3 1.5 1 1 -0.913898483856 -0.587988836797
counter is 120
10 1 1.5 -1.5 -1 -1 -1.55033485766 -0.421599744012
counter is 121
10 1 1.5 -1.5 -1 1 -1.83689217552 -0.372228646291
counter is 122
10 1 1.5 -1.5 1 -1 -0.615789301505 -0.270625087797
counter is 123
10 1 1.5 -1.5 1 1 -0.880944381577 -0.346075087797
counter is 124
10 1 1.5 -1 -1 -1 -0.428644064315 -0.339651748612
counter is 125
10 1 1.5 -1 -1 1 -1.30794262316 -0.376828379462
counter is 126
10 1 1.5 -1 1 -1 -0.660853379423 -0.284315087797
counter is 127
10 1 1.5 -1 1 1 -0.878466255949 -0.351505087797
counter is 128
10 1 1.5 0 -1 -1 -0.178426871422 -0.338667880966
counter is 129
10 1 1.5 0 -1 1 -0.991960849052 -0.451961768108
counter is 130
10 1 1.5 0 1 -1 -0.706300352308 -0.298095087797
counter is 131
10 1 1.5 0 1 1 -1.0945630108 -0.415125087797
counter is 132
10 1 1.5 1 -1 -1 -0.571478341499 -0.464605532941
counter is 133
10 1 1.5 1 -1 1 -0.979785410068 -0.421195532941
counter is 134
10 1 1.5 1 1 -1 -0.710751580777 -0.29513721946
counter is 135
10 1 1.5 1 1 1 -1.13977831745 -0.42975721946
counter is 136
10 1 1.5 1.5 -1 -1 -2.00001105392 -0.547825087797
counter is 137
10 1 1.5 1.5 -1 1 -1.03700817592 -0.393225087797
counter is 138
10 1 1.5 1.5 1 -1 -0.81164589603 -0.338486372921
counter is 139
10 1 1.5 1.5 1 1 -0.907326913235 -0.578898836797
counter is 140
10 5 -1.5 -1.5 -1 -1 -0.0948038764363 -0.335972982041
counter is 141
10 5 -1.5 -1.5 -1 1 0.357697631411 0.749507017959
counter is 142
10 5 -1.5 -1.5 1 -1 -0.641597318147 0.0963649122034
counter is 143
10 5 -1.5 -1.5 1 1 -1.30244002817 -0.481605087797
counter is 144
10 5 -1.5 -1 -1 -1 -0.202886336373 0.308144599693
counter is 145
10 5 -1.5 -1 -1 1 0.241244275389 0.719994599693
counter is 146
10 5 -1.5 -1 1 -1 -1.50004750697 -0.591605087797
counter is 147
10 5 -1.5 -1 1 1 -1.38256979096 -0.495945087797
counter is 148
10 5 -1.5 0 -1 -1 -0.278223350933 0.367921413892
counter is 149
10 5 -1.5 0 -1 1 0.0432596347036 0.64475462582
counter is 150
10 5 -1.5 0 1 -1 -1.86043164932 -0.641715087797
counter is 151
10 5 -1.5 0 1 1 -1.44397510943 -0.503025087797
counter is 152
10 5 -1.5 1 -1 -1 -0.646805905305 0.0923044670588
counter is 153
10 5 -1.5 1 -1 1 0.0458466193984 0.650784467059
counter is 154
10 5 -1.5 1 1 -1 -0.927663227613 -0.450875087797
counter is 155
10 5 -1.5 1 1 1 -1.43777156352 -0.501835087797
counter is 156
10 5 -1.5 1.5 -1 -1 -0.583424041701 0.156014912203
counter is 157
10 5 -1.5 1.5 -1 1 0.0323825107073 0.645114912203
counter is 158
10 5 -1.5 1.5 1 -1 -2.15311281662 -0.604650296105
counter is 159
10 5 -1.5 1.5 1 1 -1.63731164151 -0.596754218652
counter is 160
10 5 -1.3 -1.5 -1 -1 -0.279802501004 -0.342252982041
counter is 161
10 5 -1.3 -1.5 -1 1 0.444940020311 0.684807017959
counter is 162
10 5 -1.3 -1.5 1 -1 -0.805003152831 -0.0560350877966
counter is 163
10 5 -1.3 -1.5 1 1 -0.702333920912 -0.172485087797
counter is 164
10 5 -1.3 -1 -1 -1 0.502948883868 0.483784599693
counter is 165
10 5 -1.3 -1 -1 1 0.457066969679 0.906957587796
counter is 166
10 5 -1.3 -1 1 -1 -1.91382685076 -0.925935087797
counter is 167
10 5 -1.3 -1 1 1 -0.849856165226 -0.416055087797
counter is 168
10 5 -1.3 0 -1 -1 -0.316963224683 0.309571413892
counter is 169
10 5 -1.3 0 -1 1 0.250116542611 0.86705462582
counter is 170
10 5 -1.3 0 1 -1 -1.97921528475 -0.742045087797
counter is 171
10 5 -1.3 0 1 1 -1.25056913196 -0.480915087797
counter is 172
10 5 -1.3 1 -1 -1 -0.836443335405 -0.0864255329412
counter is 173
10 5 -1.3 1 -1 1 0.239020390784 0.869904467059
counter is 174
10 5 -1.3 1 1 -1 -0.783415653551 -0.430825087797
counter is 175
10 5 -1.3 1 1 1 -1.07733689213 -0.476535087797
counter is 176
10 5 -1.3 1.5 -1 -1 -0.790591273508 -0.0417250877966
counter is 177
10 5 -1.3 1.5 -1 1 0.248044757251 0.886044912203
counter is 178
10 5 -1.3 1.5 1 -1 -1.14945474029 -0.565590296105
counter is 179
10 5 -1.3 1.5 1 1 -1.53759501904 -0.593264218652
counter is 180
10 5 -1.0 -1.5 -1 -1 -0.455860228875 -0.361552982041
counter is 181
10 5 -1.0 -1.5 -1 1 -0.15185581005 0.213061620538
counter is 182
10 5 -1.0 -1.5 1 -1 -0.844318719203 -0.0965450877966
counter is 183
10 5 -1.0 -1.5 1 1 -0.24674559215 0.166714912203
counter is 184
10 5 -1.0 -1 -1 -1 -0.334306774854 -0.321115400307
counter is 185
10 5 -1.0 -1 -1 1 0.34444677827 0.850634599693
counter is 186
10 5 -1.0 -1 1 -1 -0.920077904127 -0.180835087797
counter is 187
10 5 -1.0 -1 1 1 -1.57512990398 -0.533195087797
counter is 188
10 5 -1.0 0 -1 -1 -0.229762528983 0.358143920224
counter is 189
10 5 -1.0 0 -1 1 0.185824764894 0.84777462582
counter is 190
10 5 -1.0 0 1 -1 -2.18934695528 -0.870015087797
counter is 191
10 5 -1.0 0 1 1 -2.14656168087 -0.612655087797
counter is 192
10 5 -1.0 1 -1 -1 -0.853979345513 -0.109015532941
counter is 193
10 5 -1.0 1 -1 1 0.0859150178345 0.772324467059
counter is 194
10 5 -1.0 1 1 -1 -1.14745080404 -0.468045087797
counter is 195
10 5 -1.0 1 1 1 -1.71470638864 -0.529975087797
counter is 196
10 5 -1.0 1.5 -1 -1 -0.832603350343 -0.0878250877966
counter is 197
10 5 -1.0 1.5 -1 1 0.0414725905925 0.744144912203
counter is 198
10 5 -1.0 1.5 1 -1 -1.58550397481 -0.595182460691
counter is 199
10 5 -1.0 1.5 1 1 -1.8049301897 -0.602384218652
counter is 200
10 5 0 -1.5 -1 -1 -0.0315240413334 -0.331881748612
counter is 201
10 5 0 -1.5 -1 1 -1.31406388651 -0.437172982041
counter is 202
10 5 0 -1.5 1 -1 -1.39032493328 -1.0104650878
counter is 203
10 5 0 -1.5 1 1 -0.817937135672 0.0163649122034
counter is 204
10 5 0 -1 -1 -1 -0.0539182263575 -0.364565400307
counter is 205
10 5 0 -1 -1 1 -0.82759811532 -0.226152412204
counter is 206
10 5 0 -1 1 -1 -1.40438009489 -1.0532850878
counter is 207
10 5 0 -1 1 1 -0.982310691333 -0.216075087797
counter is 208
10 5 0 0 -1 -1 -0.530636301342 -0.332656079776
counter is 209
10 5 0 0 -1 1 -0.934907831895 -0.13172537418
counter is 210
10 5 0 0 1 -1 -1.42005559134 -1.0951150878
counter is 211
10 5 0 0 1 1 -0.931446724686 -0.415255087797
counter is 212
10 5 0 1 -1 -1 -1.63798264654 -1.31453553294
counter is 213
10 5 0 1 -1 1 -0.9233098559 -0.129225532941
counter is 214
10 5 0 1 1 -1 -0.755521214033 -0.178425087797
counter is 215
10 5 0 1 1 1 -0.515096886888 -0.410535087797
counter is 216
10 5 0 1.5 -1 -1 -1.36625010878 -0.869265087797
counter is 217
10 5 0 1.5 -1 1 -0.865490491801 -0.0476250877966
counter is 218
10 5 0 1.5 1 -1 -2.34521491277 -0.729652460691
counter is 219
10 5 0 1.5 1 1 -1.64910902489 -0.592724218652
counter is 220
10 5 1.0 -1.5 -1 -1 0.0352563307824 -0.354302982041
counter is 221
10 5 1.0 -1.5 -1 1 -1.00511296296 -0.351315880661
counter is 222
10 5 1.0 -1.5 1 -1 -0.695032444763 0.211234912203
counter is 223
10 5 1.0 -1.5 1 1 -0.0853948183329 0.884114912203
counter is 224
10 5 1.0 -1 -1 -1 -0.426931422243 -0.390745400307
counter is 225
10 5 1.0 -1 -1 1 -0.796691142842 -0.274215880661
counter is 226
10 5 1.0 -1 1 -1 -0.697548319933 0.203824912203
counter is 227
10 5 1.0 -1 1 1 -0.114423406714 0.807024912203
counter is 228
10 5 1.0 0 -1 -1 -0.307514067891 -0.347216079776
counter is 229
10 5 1.0 0 -1 1 -0.825888600234 -0.13832537418
counter is 230
10 5 1.0 0 1 -1 -0.739611248281 0.150374912203
counter is 231
10 5 1.0 0 1 1 -0.118835718842 0.555704912203
counter is 232
10 5 1.0 1 -1 -1 -1.13952500281 -0.451435532941
counter is 233
10 5 1.0 1 -1 1 -0.102856216185 0.929414467059
counter is 234
10 5 1.0 1 1 -1 -0.697860715666 0.189414912203
counter is 235
10 5 1.0 1 1 1 -1.44410377481 -0.504815087797
counter is 236
10 5 1.0 1.5 -1 -1 -0.416898272478 0.349804912203
counter is 237
10 5 1.0 1.5 -1 1 -0.132638272026 0.948864912203
counter is 238
10 5 1.0 1.5 1 -1 -1.9891788335 -0.717782460691
counter is 239
10 5 1.0 1.5 1 1 -2.19326060812 -0.630222460691
counter is 240
10 5 1.3 -1.5 -1 -1 -0.656079552276 -0.420453190013
counter is 241
10 5 1.3 -1.5 -1 1 -1.03202816298 -0.374062982041
counter is 242
10 5 1.3 -1.5 1 -1 -0.655625156572 0.103664912203
counter is 243
10 5 1.3 -1.5 1 1 -0.593853866943 0.221434912203
counter is 244
10 5 1.3 -1 -1 -1 -0.237924030143 -0.368472412204
counter is 245
10 5 1.3 -1 -1 1 -0.849904289489 -0.348415400307
counter is 246
10 5 1.3 -1 1 -1 -0.678605189907 0.0791849122034
counter is 247
10 5 1.3 -1 1 1 -0.657454239071 0.151934912203
counter is 248
10 5 1.3 0 -1 -1 -0.556619026614 -0.44232537418
counter is 249
10 5 1.3 0 -1 1 -1.17325798481 -0.42720537418
counter is 250
10 5 1.3 0 1 -1 -0.715290091288 0.0482849122034
counter is 251
10 5 1.3 0 1 1 -0.608308877866 0.148394912203
counter is 252
10 5 1.3 1 -1 -1 -1.36910793498 -0.493815532941
counter is 253
10 5 1.3 1 -1 1 -0.586282917806 -0.0180455329412
counter is 254
10 5 1.3 1 1 -1 -0.644025204714 0.106994912203
counter is 255
10 5 1.3 1 1 1 -0.959166605176 -0.253535087797
counter is 256
10 5 1.3 1.5 -1 -1 -0.412890319205 -0.0469150877966
counter is 257
10 5 1.3 1.5 -1 1 -0.577717044718 0.247214912203
counter is 258
10 5 1.3 1.5 1 -1 -1.46990188298 -0.445862460691
counter is 259
10 5 1.3 1.5 1 1 -2.08456148215 -0.619384218652
counter is 260
10 5 1.5 -1.5 -1 -1 -0.942731520953 -0.429533190013
counter is 261
10 5 1.5 -1.5 -1 1 -1.13991187025 -0.379752982041
counter is 262
10 5 1.5 -1.5 1 -1 -0.651434405662 0.0645549122034
counter is 263
10 5 1.5 -1.5 1 1 -0.24411698316 0.371264912203
counter is 264
10 5 1.5 -1 -1 -1 -0.491176882652 -0.382782412204
counter is 265
10 5 1.5 -1 -1 1 -0.797447285723 -0.343925400307
counter is 266
10 5 1.5 -1 1 -1 -0.671013253856 0.0453049122034
counter is 267
10 5 1.5 -1 1 1 -0.334018040791 0.291584912203
counter is 268
10 5 1.5 0 -1 -1 0.178393916933 -0.331308586108
counter is 269
10 5 1.5 0 -1 1 -1.01229309545 -0.39458537418
counter is 270
10 5 1.5 0 1 -1 -0.742436422061 -0.0189350877966
counter is 271
10 5 1.5 0 1 1 -0.32103341508 0.259924912203
counter is 272
10 5 1.5 1 -1 -1 -1.12835935527 -0.466225532941
counter is 273
10 5 1.5 1 -1 1 -0.62721729106 -0.149465532941
counter is 274
10 5 1.5 1 1 -1 -0.681554703259 0.0312149122034
counter is 275
10 5 1.5 1 1 1 -0.466683885796 0.0220249122034
counter is 276
10 5 1.5 1.5 -1 -1 -1.10116851402 -0.443345087797
counter is 277
10 5 1.5 1.5 -1 1 -0.162793102668 0.423414912203
counter is 278
10 5 1.5 1.5 1 -1 -1.02897019074 -0.0976224606906
counter is 279
10 5 1.5 1.5 1 1 -2.54603010755 -0.651444218652
counter is 280
10 10 -1.5 -1.5 -1 -1 -1.45120534084 -0.445314928842
counter is 281
10 10 -1.5 -1.5 -1 1 -0.241507533499 0.878355071158
counter is 282
10 10 -1.5 -1.5 1 -1 -0.79825348208 0.102764912203
counter is 283
10 10 -1.5 -1.5 1 1 -1.48172676041 -0.524695087797
counter is 284
10 10 -1.5 -1 -1 -1 -0.843447794649 -0.0706419802549
counter is 285
10 10 -1.5 -1 -1 1 -0.29294727463 0.897938019745
counter is 286
10 10 -1.5 -1 1 -1 -1.04464522026 -0.297635087797
counter is 287
10 10 -1.5 -1 1 1 -1.74230149938 -0.570005087797
counter is 288
10 10 -1.5 0 -1 -1 -0.595368980573 0.387597578699
counter is 289
10 10 -1.5 0 -1 1 -0.404542995828 0.82211462582
counter is 290
10 10 -1.5 0 1 -1 -1.81350811498 -0.756365087797
counter is 291
10 10 -1.5 0 1 1 -1.68341686814 -0.540145087797
counter is 292
10 10 -1.5 1 -1 -1 -0.714458009647 0.268714467059
counter is 293
10 10 -1.5 1 -1 1 -0.410879749413 0.801504467059
counter is 294
10 10 -1.5 1 1 -1 -2.08382394053 -0.675745087797
counter is 295
10 10 -1.5 1 1 1 -1.56231732903 -0.512315087797
counter is 296
10 10 -1.5 1.5 -1 -1 -0.8029140609 0.0944149122034
counter is 297
10 10 -1.5 1.5 -1 1 -0.416903839564 0.790614912203
counter is 298
10 10 -1.5 1.5 1 -1 -1.81665443466 -0.607392460691
counter is 299
10 10 -1.5 1.5 1 1 -1.80058714176 -0.602014218652
counter is 300
10 10 -1.3 -1.5 -1 -1 -1.31620158399 -0.436314928842
counter is 301
10 10 -1.3 -1.5 -1 1 -0.441891105096 0.506455071158
counter is 302
10 10 -1.3 -1.5 1 -1 -0.651689587669 0.451574912203
counter is 303
10 10 -1.3 -1.5 1 1 -0.374399457756 0.222504912203
counter is 304
10 10 -1.3 -1 -1 -1 -0.401433322288 0.351108019745
counter is 305
10 10 -1.3 -1 -1 1 -0.208046079397 1.11589183772
counter is 306
10 10 -1.3 -1 1 -1 -1.08878475669 -0.361585087797
counter is 307
10 10 -1.3 -1 1 1 -1.01348088141 -0.407235087797
counter is 308
10 10 -1.3 0 -1 -1 -0.42812117485 0.751737578699
counter is 309
10 10 -1.3 0 -1 1 -0.304462056793 1.10868462582
counter is 310
10 10 -1.3 0 1 -1 -1.69379314298 -0.762705087797
counter is 311
10 10 -1.3 0 1 1 -1.1347521415 -0.451405087797
counter is 312
10 10 -1.3 1 -1 -1 -0.579109557409 0.617624467059
counter is 313
10 10 -1.3 1 -1 1 -0.289143159745 1.14062446706
counter is 314
10 10 -1.3 1 1 -1 -1.98339615406 -0.666845087797
counter is 315
10 10 -1.3 1 1 1 -1.17034021014 -0.476125087797
counter is 316
10 10 -1.3 1.5 -1 -1 -0.661242194705 0.429434912203
counter is 317
10 10 -1.3 1.5 -1 1 -0.285910870409 1.1514249122
counter is 318
10 10 -1.3 1.5 1 -1 -1.48990179531 -0.584602460691
counter is 319
10 10 -1.3 1.5 1 1 -1.47932082343 -0.587514218652
counter is 320
10 10 -1.0 -1.5 -1 -1 -2.11516716683 -0.470874928842
counter is 321
10 10 -1.0 -1.5 -1 1 -0.599594044727 0.199843920224
counter is 322
10 10 -1.0 -1.5 1 -1 -0.523678094703 0.741284912203
counter is 323
10 10 -1.0 -1.5 1 1 -0.439379880205 0.334724912203
counter is 324
10 10 -1.0 -1 -1 -1 -1.33901733863 -0.456781980255
counter is 325
10 10 -1.0 -1 -1 1 -0.268905839392 0.962778019745
counter is 326
10 10 -1.0 -1 1 -1 -0.523352063533 0.701464912203
counter is 327
10 10 -1.0 -1 1 1 -1.23348086509 -0.454635087797
counter is 328
10 10 -1.0 0 -1 -1 -0.22091690212 1.00411781626
counter is 329
10 10 -1.0 0 -1 1 -0.345292793464 1.00067462582
counter is 330
10 10 -1.0 0 1 -1 -1.6146213787 -0.780155087797
counter is 331
10 10 -1.0 0 1 1 -1.57821415004 -0.538495087797
counter is 332
10 10 -1.0 1 -1 -1 -0.452884402195 0.871424467059
counter is 333
10 10 -1.0 1 -1 1 -0.363279979584 0.975814467059
counter is 334
10 10 -1.0 1 1 -1 -1.92033988177 -0.665495087797
counter is 335
10 10 -1.0 1 1 1 -1.46267008124 -0.506415087797
counter is 336
10 10 -1.0 1.5 -1 -1 -0.54352369065 0.688414912203
counter is 337
10 10 -1.0 1.5 -1 1 -0.369701965588 0.978054912203
counter is 338
10 10 -1.0 1.5 1 -1 -1.59549623764 -0.588432460691
counter is 339
10 10 -1.0 1.5 1 1 -1.95165416926 -0.609244218652
counter is 340
10 10 0 -1.5 -1 -1 -0.668735786391 -0.409885400307
counter is 341
10 10 0 -1.5 -1 1 -0.747634773436 -0.126134928842
counter is 342
10 10 0 -1.5 1 -1 -0.5314507089 0.956354912203
counter is 343
10 10 0 -1.5 1 1 -0.651602286931 0.516534912203
counter is 344
10 10 0 -1 -1 -1 -0.405700623087 -0.399821980255
counter is 345
10 10 0 -1 -1 1 -0.526465249754 0.138961837715
counter is 346
10 10 0 -1 1 -1 -0.544230104262 0.909934912203
counter is 347
10 10 0 -1 1 1 -0.760469842286 0.231124912203
counter is 348
10 10 0 0 -1 -1 -0.857414080305 -0.380112183736
counter is 349
10 10 0 0 -1 1 -0.646686541117 0.61028462582
counter is 350
10 10 0 0 1 -1 -0.552276384254 0.869504912203
counter is 351
10 10 0 0 1 1 -0.658922005511 -0.291575087797
counter is 352
10 10 0 1 -1 -1 -0.718963050185 0.318184467059
counter is 353
10 10 0 1 -1 1 -0.610400588762 0.692574467059
counter is 354
10 10 0 1 1 -1 -0.619453393813 0.153184912203
counter is 355
10 10 0 1 1 1 -0.640062596822 -0.366645087797
counter is 356
10 10 0 1.5 -1 -1 -0.537177157457 0.869974912203
counter is 357
10 10 0 1.5 -1 1 -0.568306267147 0.836054912203
counter is 358
10 10 0 1.5 1 -1 -1.49842246092 -0.504562460691
counter is 359
10 10 0 1.5 1 1 -1.90340447537 -0.610714218652
counter is 360
10 10 1.0 -1.5 -1 -1 -0.518095299027 -0.410294928842
counter is 361
10 10 1.0 -1.5 -1 1 -1.34042923089 -0.451571010441
counter is 362
10 10 1.0 -1.5 1 -1 -0.14853443238 1.7081749122
counter is 363
10 10 1.0 -1.5 1 1 -0.148287162027 1.4672349122
counter is 364
10 10 1.0 -1 -1 -1 -0.56918042898 -0.415841980255
counter is 365
10 10 1.0 -1 -1 1 -1.01472534828 -0.336421010441
counter is 366
10 10 1.0 -1 1 -1 -0.146868608386 1.6879949122
counter is 367
10 10 1.0 -1 1 1 -0.189923748797 1.3520749122
counter is 368
10 10 1.0 0 -1 -1 -1.11512334901 -0.441132183736
counter is 369
10 10 1.0 0 -1 1 -0.654016160756 0.0390146258202
counter is 370
10 10 1.0 0 1 -1 -0.15055678349 1.6925649122
counter is 371
10 10 1.0 0 1 1 -0.282793289421 0.916124912203
counter is 372
10 10 1.0 1 -1 -1 -0.851862314981 -0.343275532941
counter is 373
10 10 1.0 1 -1 1 -0.177830197247 1.41116446706
counter is 374
10 10 1.0 1 1 -1 -0.153502661932 1.5766849122
counter is 375
10 10 1.0 1 1 1 -1.17828796166 -0.448795087797
counter is 376
10 10 1.0 1.5 -1 -1 -0.204920801438 1.0020549122
counter is 377
10 10 1.0 1.5 -1 1 -0.18242288379 1.4673649122
counter is 378
10 10 1.0 1.5 1 -1 -0.768940944629 0.125397539309
counter is 379
10 10 1.0 1.5 1 1 -1.86498432567 -0.610952460691
counter is 380
10 10 1.3 -1.5 -1 -1 -0.695733589097 -0.338137804011
counter is 381
10 10 1.3 -1.5 -1 1 -1.34642737868 -0.438454928842
counter is 382
10 10 1.3 -1.5 1 -1 -0.0931823230532 1.3596449122
counter is 383
10 10 1.3 -1.5 1 1 -0.574436408935 0.491524912203
counter is 384
10 10 1.3 -1 -1 -1 -0.300584120314 -0.402268162285
counter is 385
10 10 1.3 -1 -1 1 -0.68157810656 -0.314111980255
counter is 386
10 10 1.3 -1 1 -1 -0.112491435897 1.3166749122
counter is 387
10 10 1.3 -1 1 1 -0.662149870097 0.341454912203
counter is 388
10 10 1.3 0 -1 -1 -1.16729564323 -0.47544537418
counter is 389
10 10 1.3 0 -1 1 -0.810613890142 -0.24978537418
counter is 390
10 10 1.3 0 1 -1 -0.105163505737 1.3384649122
counter is 391
10 10 1.3 0 1 1 -0.707854302624 0.231154912203
counter is 392
10 10 1.3 1 -1 -1 -1.20324284271 -0.454305532941
counter is 393
10 10 1.3 1 -1 1 -0.801409265845 -0.0491155329412
counter is 394
10 10 1.3 1 1 -1 -0.0909381908023 1.3245449122
counter is 395
10 10 1.3 1 1 1 -0.741560703394 0.0377049122034
counter is 396
10 10 1.3 1.5 -1 -1 -0.367344874366 0.202864912203
counter is 397
10 10 1.3 1.5 -1 1 -0.586576093982 0.463554912203
counter is 398
10 10 1.3 1.5 1 -1 -0.603545189734 0.561417539309
counter is 399
10 10 1.3 1.5 1 1 -1.51536139565 -0.575544218652
counter is 400
10 10 1.5 -1.5 -1 -1 -0.786752537648 -0.343847804011
counter is 401
10 10 1.5 -1.5 -1 1 -0.757437337221 -0.401334928842
counter is 402
10 10 1.5 -1.5 1 -1 0.0221199293038 1.3594649122
counter is 403
10 10 1.5 -1.5 1 1 -0.261069956553 0.798474912203
counter is 404
10 10 1.5 -1 -1 -1 -0.421280257981 -0.417348162285
counter is 405
10 10 1.5 -1 -1 1 -0.266301580907 -0.240421980255
counter is 406
10 10 1.5 -1 1 -1 0.00763284238473 1.3258649122
counter is 407
10 10 1.5 -1 1 1 -0.398575014955 0.611834912203
counter is 408
10 10 1.5 0 -1 -1 -0.743749346453 -0.399032421301
counter is 409
10 10 1.5 0 -1 1 -0.733753192716 -0.26348537418
counter is 410
10 10 1.5 0 1 -1 -0.0118741573512 1.3016349122
counter is 411
10 10 1.5 0 1 1 -0.371977570175 0.588934912203
counter is 412
10 10 1.5 1 -1 -1 -1.01505378258 -0.425625532941
counter is 413
10 10 1.5 1 -1 1 -0.933817222755 -0.232345532941
counter is 414
10 10 1.5 1 1 -1 -0.00202662771467 1.2899749122
counter is 415
10 10 1.5 1 1 1 -0.14183405372 0.565004912203
counter is 416
10 10 1.5 1.5 -1 -1 -0.994364216882 -0.385005087797
counter is 417
10 10 1.5 1.5 -1 1 -0.258366804874 0.780064912203
counter is 418
10 10 1.5 1.5 1 -1 -0.24632354311 1.14339753931
counter is 419
10 10 1.5 1.5 1 1 -1.27500820632 -0.547984218652
counter is 420
10 20 -1.5 -1.5 -1 -1 -0.730133303598 -0.421409364057
counter is 421
10 20 -1.5 -1.5 -1 1 -0.402222967761 2.64340063594
counter is 422
10 20 -1.5 -1.5 1 -1 -0.45159437863 2.3865949122
counter is 423
10 20 -1.5 -1.5 1 1 -0.535904378303 -0.142355087797
counter is 424
10 20 -1.5 -1 -1 -1 -0.495654224028 1.22994295478
counter is 425
10 20 -1.5 -1 -1 1 -0.42997101752 2.76972295478
counter is 426
10 20 -1.5 -1 1 -1 -0.475375898582 0.726094912203
counter is 427
10 20 -1.5 -1 1 1 -0.731943745345 -0.277825087797
counter is 428
10 20 -1.5 0 -1 -1 -0.481809763611 1.97961095325
counter is 429
10 20 -1.5 0 -1 1 -0.435198781423 2.85381462582
counter is 430
10 20 -1.5 0 1 -1 -0.67831706276 -0.00578508779659
counter is 431
10 20 -1.5 0 1 1 -0.86003268021 -0.371315087797
counter is 432
10 20 -1.5 1 -1 -1 -0.468662203334 2.30896446706
counter is 433
10 20 -1.5 1 -1 1 -0.42359110894 2.89662446706
counter is 434
10 20 -1.5 1 1 -1 -1.05274936853 -0.355115087797
counter is 435
10 20 -1.5 1 1 1 -0.681163871812 -0.406905087797
counter is 436
10 20 -1.5 1.5 -1 -1 -0.459952522515 2.3657749122
counter is 437
10 20 -1.5 1.5 -1 1 -0.411773601339 2.9526849122
counter is 438
10 20 -1.5 1.5 1 -1 -0.677908057994 -0.517872460691
counter is 439
10 20 -1.5 1.5 1 1 -1.25739439542 -0.563554218652
counter is 440
10 20 -1.3 -1.5 -1 -1 -1.08484130365 -0.459209364057
counter is 441
10 20 -1.3 -1.5 -1 1 -0.48665984744 1.92447063594
counter is 442
10 20 -1.3 -1.5 1 -1 -0.520705718098 2.8639249122
counter is 443
10 20 -1.3 -1.5 1 1 -0.275977769233 0.703424912203
counter is 444
10 20 -1.3 -1 -1 -1 -0.201024743464 1.32247295478
counter is 445
10 20 -1.3 -1 -1 1 -0.440205808295 2.7123966857
counter is 446
10 20 -1.3 -1 1 -1 -0.485359068253 1.0730949122
counter is 447
10 20 -1.3 -1 1 1 -0.411575794613 -0.0920450877966
counter is 448
10 20 -1.3 0 -1 -1 -0.516880345591 2.47967095325
counter is 449
10 20 -1.3 0 -1 1 -0.476574273737 2.86334462582
counter is 450
10 20 -1.3 0 1 -1 -0.843888720033 -0.0663150877966
counter is 451
10 20 -1.3 0 1 1 -0.574862341912 -0.253995087797
counter is 452
10 20 -1.3 1 -1 -1 -0.532544960666 2.78637446706
counter is 453
10 20 -1.3 1 -1 1 -0.461714704013 2.98112446706
counter is 454
10 20 -1.3 1 1 -1 -1.13485423561 -0.392995087797
counter is 455
10 20 -1.3 1 1 1 -0.55099453375 -0.364555087797
counter is 456
10 20 -1.3 1.5 -1 -1 -0.529641466204 2.7422149122
counter is 457
10 20 -1.3 1.5 -1 1 -0.449130539275 3.0650749122
counter is 458
10 20 -1.3 1.5 1 -1 -0.399145898204 -0.454782460691
counter is 459
10 20 -1.3 1.5 1 1 -1.08467843837 -0.549094218652
counter is 460
10 20 -1.0 -1.5 -1 -1 -2.14552600907 -0.537869364057
counter is 461
10 20 -1.0 -1.5 -1 1 -0.461645882082 1.27521368059
counter is 462
10 20 -1.0 -1.5 1 -1 -0.414125484774 2.7163449122
counter is 463
10 20 -1.0 -1.5 1 1 -0.314950639526 1.0028749122
counter is 464
10 20 -1.0 -1 -1 -1 -1.16453142372 -0.434937045222
counter is 465
10 20 -1.0 -1 -1 1 -0.399790324622 2.34025295478
counter is 466
10 20 -1.0 -1 1 -1 -0.364864057176 2.6042649122
counter is 467
10 20 -1.0 -1 1 1 -0.560389832621 -0.0774350877966
counter is 468
10 20 -1.0 0 -1 -1 -0.436353043149 2.10418868683
counter is 469
10 20 -1.0 0 -1 1 -0.42836643742 2.55587462582
counter is 470
10 20 -1.0 0 1 -1 -0.794183657743 0.0624449122034
counter is 471
10 20 -1.0 0 1 1 -0.853251754409 -0.302455087797
counter is 472
10 20 -1.0 1 -1 -1 -0.43836653921 2.39208446706
counter is 473
10 20 -1.0 1 -1 1 -0.430779774584 2.60310446706
counter is 474
10 20 -1.0 1 1 -1 -0.868862184125 -0.224945087797
counter is 475
10 20 -1.0 1 1 1 -0.623732291544 -0.342475087797
counter is 476
10 20 -1.0 1.5 -1 -1 -0.447104489577 2.5368849122
counter is 477
10 20 -1.0 1.5 -1 1 -0.41356372119 2.7289849122
counter is 478
10 20 -1.0 1.5 1 -1 -0.832586060366 -0.475692460691
counter is 479
10 20 -1.0 1.5 1 1 -1.37124456039 -0.568934218652
counter is 480
10 20 0 -1.5 -1 -1 -1.1473056154 -0.475251551738
counter is 481
10 20 0 -1.5 -1 1 -0.381937582924 0.465720635943
counter is 482
10 20 0 -1.5 1 -1 -0.422792717458 2.6544649122
counter is 483
10 20 0 -1.5 1 1 -0.491824144142 1.5675449122
counter is 484
10 20 0 -1 -1 -1 -0.468073640353 -0.399767045222
counter is 485
10 20 0 -1 -1 1 -0.242431401934 0.989166685698
counter is 486
10 20 0 -1 1 -1 -0.40485380053 2.5656149122
counter is 487
10 20 0 -1 1 1 -0.568766842049 1.0365549122
counter is 488
10 20 0 0 -1 -1 -0.963630650675 -0.357991313167
counter is 489
10 20 0 0 -1 1 -0.503808796863 2.15442462582
counter is 490
10 20 0 0 1 -1 -0.383125226906 2.5211449122
counter is 491
10 20 0 0 1 1 -0.726565876779 -0.139715087797
counter is 492
10 20 0 1 -1 -1 -0.528345847121 0.899294467059
counter is 493
10 20 0 1 -1 1 -0.779324336017 2.34168446706
counter is 494
10 20 0 1 1 -1 -0.0197676894966 1.2643649122
counter is 495
10 20 0 1 1 1 -0.824920904063 -0.319755087797
counter is 496
10 20 0 1.5 -1 -1 -0.43045225192 2.2199349122
counter is 497
10 20 0 1.5 -1 1 -0.648614611583 2.5626349122
counter is 498
10 20 0 1.5 1 -1 -0.919586470695 -0.162222460691
counter is 499
10 20 0 1.5 1 1 -2.08908944078 -0.641294218652
counter is 500
10 20 1.0 -1.5 -1 -1 -1.72640885361 -0.513419364057
counter is 501
10 20 1.0 -1.5 -1 1 -0.959518815652 -0.294838239648
counter is 502
10 20 1.0 -1.5 1 -1 0.170057068365 4.7080749122
counter is 503
10 20 1.0 -1.5 1 1 0.00879354649591 3.9608349122
counter is 504
10 20 1.0 -1 -1 -1 -1.21337371946 -0.472937045222
counter is 505
10 20 1.0 -1 -1 1 -1.11778801028 -0.342188239648
counter is 506
10 20 1.0 -1 1 -1 0.18560888635 4.6584449122
counter is 507
10 20 1.0 -1 1 1 0.0520849284192 4.0081849122
counter is 508
10 20 1.0 0 -1 -1 -1.7391640859 -0.569871313167
counter is 509
10 20 1.0 0 -1 1 -0.327785768965 0.68258462582
counter is 510
10 20 1.0 0 1 -1 0.216193063541 4.7526849122
counter is 511
10 20 1.0 0 1 1 -0.0477310682088 2.9764549122
counter is 512
10 20 1.0 1 -1 -1 -0.836671687803 -0.234275532941
counter is 513
10 20 1.0 1 -1 1 -0.0120169374867 3.93220446706
counter is 514
10 20 1.0 1 1 -1 0.235241668778 4.4176049122
counter is 515
10 20 1.0 1 1 1 -0.774825553837 -0.265945087797
counter is 516
10 20 1.0 1.5 -1 -1 0.121870004899 3.1406249122
counter is 517
10 20 1.0 1.5 -1 1 -0.00111474280822 4.0908349122
counter is 518
10 20 1.0 1.5 1 -1 -0.40991133115 0.936737539309
counter is 519
10 20 1.0 1.5 1 1 -1.1926495952 -0.530532460691
counter is 520
10 20 1.3 -1.5 -1 -1 -1.8208479578 -0.490508162285
counter is 521
10 20 1.3 -1.5 -1 1 -0.99676320045 -0.434449364057
counter is 522
10 20 1.3 -1.5 1 -1 0.0423025233246 3.3569949122
counter is 523
10 20 1.3 -1.5 1 1 -0.104161052565 2.7879949122
counter is 524
10 20 1.3 -1 -1 -1 -1.09850429776 -0.461133314302
counter is 525
10 20 1.3 -1 -1 1 -0.902867162779 -0.294407045222
counter is 526
10 20 1.3 -1 1 -1 0.0394687419007 3.2872349122
counter is 527
10 20 1.3 -1 1 1 -0.112612443823 2.6388049122
counter is 528
10 20 1.3 0 -1 -1 -1.83156530618 -0.58876537418
counter is 529
10 20 1.3 0 -1 1 -0.32140369061 0.23947462582
counter is 530
10 20 1.3 0 1 -1 0.0844960966186 3.4038649122
counter is 531
10 20 1.3 0 1 1 -0.205540887921 2.0955149122
counter is 532
10 20 1.3 1 -1 -1 -1.32596329132 -0.483125532941
counter is 533
10 20 1.3 1 -1 1 -0.197810990339 1.20891446706
counter is 534
10 20 1.3 1 1 -1 0.103596694115 3.3054449122
counter is 535
10 20 1.3 1 1 1 -0.351183063105 1.1333049122
counter is 536
10 20 1.3 1.5 -1 -1 -0.166720283705 1.0571349122
counter is 537
10 20 1.3 1.5 -1 1 -0.102065737655 2.8593849122
counter is 538
10 20 1.3 1.5 1 -1 -0.374970616883 1.65921753931
counter is 539
10 20 1.3 1.5 1 1 -1.92620456366 -0.617754218652
counter is 540
10 20 1.5 -1.5 -1 -1 -0.977984393039 -0.446918162285
counter is 541
10 20 1.5 -1.5 -1 1 -0.675576101213 -0.421409364057
counter is 542
10 20 1.5 -1.5 1 -1 0.0374924600109 2.7337549122
counter is 543
10 20 1.5 -1.5 1 1 -0.0454443384784 2.2363749122
counter is 544
10 20 1.5 -1 -1 -1 -0.274429327722 -0.424903314302
counter is 545
10 20 1.5 -1 -1 1 -0.701125853354 -0.224007045222
counter is 546
10 20 1.5 -1 1 -1 0.0258044208734 2.6713549122
counter is 547
10 20 1.5 -1 1 1 -0.0927376618104 2.0298249122
counter is 548
10 20 1.5 0 -1 -1 -1.51019708235 -0.500429046754
counter is 549
10 20 1.5 0 -1 1 -0.507069314773 -0.00315537417979
counter is 550
10 20 1.5 0 1 -1 0.0768306335804 2.7630649122
counter is 551
10 20 1.5 0 1 1 -0.116388505768 1.7995749122
counter is 552
10 20 1.5 1 -1 -1 -1.16725051671 -0.427545532941
counter is 553
10 20 1.5 1 -1 1 -0.492166507623 0.336914467059
counter is 554
10 20 1.5 1 1 -1 0.0914963865271 2.6702149122
counter is 555
10 20 1.5 1 1 1 -0.0278417877782 1.4667249122
counter is 556
10 20 1.5 1.5 -1 -1 -0.985850073615 -0.309765087797
counter is 557
10 20 1.5 1.5 -1 1 -0.0358262594037 2.2429149122
counter is 558
10 20 1.5 1.5 1 -1 -0.183228218486 2.44646753931
counter is 559
10 20 1.5 1.5 1 1 -1.44085493806 -0.539864218652
counter is 560
10 50 -1.5 -1.5 -1 -1 -0.0062908550064 -0.267553032751
counter is 561
10 50 -1.5 -1.5 -1 1 -2.02428868436 7.02126696725
counter is 562
10 50 -1.5 -1.5 1 -1 -1.53912376277 7.4463049122
counter is 563
10 50 -1.5 -1.5 1 1 -0.303592175196 0.373674912203
counter is 564
10 50 -1.5 -1 -1 -1 -0.348320307625 3.36537696725
counter is 565
10 50 -1.5 -1 -1 1 -0.59112601973 7.36600696725
counter is 566
10 50 -1.5 -1 1 -1 0.111607683836 3.8133749122
counter is 567
10 50 -1.5 -1 1 1 -0.543477799605 0.0289349122034
counter is 568
10 50 -1.5 0 -1 -1 -1.66457851072 6.45438462582
counter is 569
10 50 -1.5 0 -1 1 -0.611642702468 7.62798462582
counter is 570
10 50 -1.5 0 1 -1 -0.190026218779 0.745224912203
counter is 571
10 50 -1.5 0 1 1 -0.734736297434 -0.212185087797
counter is 572
10 50 -1.5 1 -1 -1 -1.71736748675 7.63847446706
counter is 573
10 50 -1.5 1 -1 1 -0.711766333931 7.81121446706
counter is 574
10 50 -1.5 1 1 -1 -1.20861072125 -0.431655087797
counter is 575
10 50 -1.5 1 1 1 -0.901015954236 -0.388195087797
counter is 576
10 50 -1.5 1.5 -1 -1 -1.73807559094 7.6818549122
counter is 577
10 50 -1.5 1.5 -1 1 -0.697028757766 7.8377349122
counter is 578
10 50 -1.5 1.5 1 -1 -1.61270397792 -0.580982460691
counter is 579
10 50 -1.5 1.5 1 1 -0.990686881121 -0.515304218652
counter is 580
10 50 -1.3 -1.5 -1 -1 -0.736884884748 -0.406953032751
counter is 581
10 50 -1.3 -1.5 -1 1 -1.35020172097 5.80727696725
counter is 582
10 50 -1.3 -1.5 1 -1 -2.06283717203 8.4182749122
counter is 583
10 50 -1.3 -1.5 1 1 0.157782094109 2.7071249122
counter is 584
10 50 -1.3 -1 -1 -1 -0.158505312349 2.39376696725
counter is 585
10 50 -1.3 -1 -1 1 -2.06014873359 8.24426696725
counter is 586
10 50 -1.3 -1 1 -1 -0.0200558747845 5.6175449122
counter is 587
10 50 -1.3 -1 1 1 -0.420493457975 0.270134912203
counter is 588
10 50 -1.3 0 -1 -1 -0.808908353461 6.83954462582
counter is 589
10 50 -1.3 0 -1 1 -2.13201881908 8.64812462582
counter is 590
10 50 -1.3 0 1 -1 -0.25145822045 1.1926349122
counter is 591
10 50 -1.3 0 1 1 -0.701393477419 -0.112865087797
counter is 592
10 50 -1.3 1 -1 -1 -2.07369488757 8.48909446706
counter is 593
10 50 -1.3 1 -1 1 -2.08244077889 8.93792446706
counter is 594
10 50 -1.3 1 1 -1 -1.23059665247 -0.449705087797
counter is 595
10 50 -1.3 1 1 1 -1.0462078427 -0.395445087797
counter is 596
10 50 -1.3 1.5 -1 -1 -2.06388297351 8.4172949122
counter is 597
10 50 -1.3 1.5 -1 1 -2.07400729474 8.9582549122
counter is 598
10 50 -1.3 1.5 1 -1 -1.12054127388 -0.483852460691
counter is 599
10 50 -1.3 1.5 1 1 -1.07187799996 -0.516364218652
counter is 600
10 50 -1.0 -1.5 -1 -1 -1.50427037319 -0.530253032751
counter is 601
10 50 -1.0 -1.5 -1 1 -0.495061292099 4.67919696725
counter is 602
10 50 -1.0 -1.5 1 -1 -0.780399703017 8.7939249122
counter is 603
10 50 -1.0 -1.5 1 1 0.0807246088583 4.0469349122
counter is 604
10 50 -1.0 -1 -1 -1 -0.888360075698 -0.313943032751
counter is 605
10 50 -1.0 -1 -1 1 -2.00125892684 8.19617696725
counter is 606
10 50 -1.0 -1 1 -1 -2.0138061078 8.5776149122
counter is 607
10 50 -1.0 -1 1 1 -0.334354771099 0.529954912203
counter is 608
10 50 -1.0 0 -1 -1 -2.09348399153 6.23093696725
counter is 609
10 50 -1.0 0 -1 1 -0.76429554796 8.86913462582
counter is 610
10 50 -1.0 0 1 -1 -0.131666356765 2.0327349122
counter is 611
10 50 -1.0 0 1 1 -0.806285283839 -0.122145087797
counter is 611
10 50 -1.0 0 1 1 -0.806285283839 -0.122145087797
counter is 612
10 50 -1.0 1 -1 -1 -2.1412399688 8.67435446706
counter is 613
10 50 -1.0 1 -1 1 -0.802472624499 9.13519446706
counter is 614
10 50 -1.0 1 1 -1 -1.13442072689 -0.382615087797
counter is 615
10 50 -1.0 1 1 1 -1.05494917635 -0.380985087797
counter is 616
10 50 -1.0 1.5 -1 -1 -0.776711145513 8.6875849122
counter is 617
10 50 -1.0 1.5 -1 1 -0.780804869293 9.1916049122
counter is 618
10 50 -1.0 1.5 1 -1 -1.34905837273 -0.501792460691
counter is 619
10 50 -1.0 1.5 1 1 -1.2843171423 -0.537984218652
counter is 620
10 50 0 -1.5 -1 -1 -0.317672979707 -0.448133032751
counter is 621
10 50 0 -1.5 -1 1 0.0247237440445 1.62071696725
counter is 622
10 50 0 -1.5 1 -1 -1.77839358583 10.3918349122
counter is 623
10 50 0 -1.5 1 1 -1.75339659901 8.7306349122
counter is 624
10 50 0 -1 -1 -1 -0.061271547899 -0.277823032751
counter is 625
10 50 0 -1 -1 1 0.164786146265 3.57816696725
counter is 626
10 50 0 -1 1 -1 -1.69329810957 10.2215249122
counter is 627
10 50 0 -1 1 1 -1.82275642681 6.7731849122
counter is 628
10 50 0 0 -1 -1 -0.632590048744 -0.0958130327514
counter is 629
10 50 0 0 -1 1 -2.15045141266 10.1925146258
counter is 630
10 50 0 0 1 -1 -1.90685977332 10.0395149122
counter is 631
10 50 0 0 1 1 -0.629991244066 0.179694912203
counter is 632
10 50 0 1 -1 -1 -1.76505297887 8.11874446706
counter is 633
10 50 0 1 -1 1 -0.909462122553 10.6824844671
counter is 634
10 50 0 1 1 -1 -0.164312928546 1.8530249122
counter is 635
10 50 0 1 1 1 -0.987710287442 -0.303055087797
counter is 636
10 50 0 1.5 -1 -1 -1.78557847239 9.9859749122
counter is 637
10 50 0 1.5 -1 1 -0.885060125271 10.9476249122
counter is 638
10 50 0 1.5 1 -1 -1.12178380336 -0.120152460691
counter is 639
10 50 0 1.5 1 1 -2.13072362794 -0.668784218652
counter is 640
10 50 1.0 -1.5 -1 -1 -1.52000145223 -0.531793032751
counter is 641
10 50 1.0 -1.5 -1 1 -0.661703392656 -0.00912797233087
counter is 642
10 50 1.0 -1.5 1 -1 0.187863626032 10.5956549122
counter is 643
10 50 1.0 -1.5 1 1 0.150349682153 10.2709249122
counter is 644
10 50 1.0 -1 -1 -1 -1.17588805125 -0.479033032751
counter is 645
10 50 1.0 -1 -1 1 -0.539025708435 0.446862027669
counter is 646
10 50 1.0 -1 1 -1 0.20045092815 10.5428949122
counter is 647
10 50 1.0 -1 1 1 0.164142838886 9.8149249122
counter is 648
10 50 1.0 0 -1 -1 -1.18339616112 -0.425843032751
counter is 649
10 50 1.0 0 -1 1 -0.00151900336125 2.36260462582
counter is 650
10 50 1.0 0 1 -1 0.207130165511 10.4897049122
counter is 651
10 50 1.0 0 1 1 0.111541887131 7.9319349122
counter is 652
10 50 1.0 1 -1 -1 -0.50269957515 0.346994467059
counter is 653
10 50 1.0 1 -1 1 0.0626262523519 10.3023744671
counter is 654
10 50 1.0 1 1 -1 0.217649234237 9.7449449122
counter is 655
10 50 1.0 1 1 1 -0.641911914616 -0.000605087796589
counter is 656
10 50 1.0 1.5 -1 -1 0.234755009199 7.9130549122
counter is 657
10 50 1.0 1.5 -1 1 0.0477486359195 10.7404549122
counter is 658
10 50 1.0 1.5 1 -1 -0.533399447297 2.07292753931
counter is 659
10 50 1.0 1.5 1 1 -1.53493354204 -0.544642460691
counter is 660
10 50 1.3 -1.5 -1 -1 -1.39042389231 -0.519533032751
counter is 661
10 50 1.3 -1.5 -1 1 -0.436683738716 -0.300033032751
counter is 662
10 50 1.3 -1.5 1 -1 0.0832827645358 6.9907549122
counter is 663
10 50 1.3 -1.5 1 1 -0.00626595806388 6.7625149122
counter is 664
10 50 1.3 -1 -1 -1 -0.683544110933 -0.399153032751
counter is 665
10 50 1.3 -1 -1 1 -0.683191439863 -0.0363730327514
counter is 666
10 50 1.3 -1 1 -1 0.0779182379137 6.8703749122
counter is 667
10 50 1.3 -1 1 1 -0.00538752219445 6.4988549122
counter is 668
10 50 1.3 0 -1 -1 -1.02826723955 -0.37334537418
counter is 669
10 50 1.3 0 -1 1 -0.165734439968 0.93742462582
counter is 670
10 50 1.3 0 1 -1 0.0859755989809 6.8654249122
counter is 671
10 50 1.3 0 1 1 -0.0605086042012 5.5459049122
counter is 672
10 50 1.3 1 -1 -1 -0.521440104049 0.185544467059
counter is 673
10 50 1.3 1 -1 1 -0.0229872184035 3.41388446706
counter is 674
10 50 1.3 1 1 -1 0.0565846941663 6.3137549122
counter is 675
10 50 1.3 1 1 1 -0.155851610182 3.0766749122
counter is 676
10 50 1.3 1.5 -1 -1 -0.108497719123 2.7359049122
counter is 677
10 50 1.3 1.5 -1 1 -0.00247418329814 7.0209649122
counter is 678
10 50 1.3 1.5 1 -1 -0.365619726954 3.65743753931
counter is 679
10 50 1.3 1.5 1 1 -1.88526812743 -0.630994218652
counter is 680
10 50 1.5 -1.5 -1 -1 -0.49428040962 -0.477253032751
counter is 681
10 50 1.5 -1.5 -1 1 -0.414759575139 -0.342543032751
counter is 682
10 50 1.5 -1.5 1 -1 0.0693248770549 5.7683149122
counter is 683
10 50 1.5 -1.5 1 1 0.0987547455806 5.7173549122
counter is 684
10 50 1.5 -1 -1 -1 -0.219775436748 -0.386643032751
counter is 685
10 50 1.5 -1 -1 1 -0.642821731457 -0.0187030327514
counter is 686
10 50 1.5 -1 1 -1 0.0610549656101 5.6777049122
counter is 687
10 50 1.5 -1 1 1 0.109369328655 5.3935149122
counter is 688
10 50 1.5 0 -1 -1 -1.03602649927 -0.39502537418
counter is 689
10 50 1.5 0 -1 1 -0.258651646421 0.64334462582
counter is 690
10 50 1.5 0 1 -1 0.0726588460566 5.7069449122
counter is 691
10 50 1.5 0 1 1 0.0539358638776 4.7523249122
counter is 692
10 50 1.5 1 -1 -1 -0.71838599511 -0.0547755329412
counter is 692
10 50 1.5 1 -1 -1 -0.71838599511 -0.0547755329412
counter is 693
10 50 1.5 1 -1 1 -0.0938185274411 1.93559446706
counter is 694
10 50 1.5 1 1 -1 0.0504090326748 5.3739149122
counter is 695
10 50 1.5 1 1 1 0.0610731456339 3.4672949122
counter is 696
10 50 1.5 1.5 -1 -1 -0.461202087558 0.458514912203
counter is 697
10 50 1.5 1.5 -1 1 0.10569678415 5.6882149122
counter is 698
10 50 1.5 1.5 1 -1 -0.306622570003 4.75466753931
counter is 699
10 50 1.5 1.5 1 1 -1.16591052275 -0.385914218652
counter is 700
10 100 -1.5 -1.5 -1 -1 -0.166305263294 -0.194993032751
counter is 701
10 100 -1.5 -1.5 -1 1 -2.00884782219 13.6689669672
counter is 702
10 100 -1.5 -1.5 1 -1 -1.49466654095 14.5093049122
counter is 703
10 100 -1.5 -1.5 1 1 -0.0827465366518 1.3214449122
counter is 704
10 100 -1.5 -1 -1 -1 -0.108753375965 6.86668696725
counter is 705
10 100 -1.5 -1 -1 1 -0.559199456352 14.3311969672
counter is 706
10 100 -1.5 -1 1 -1 0.272255427248 7.4476249122
counter is 707
10 100 -1.5 -1 1 1 -0.297299747754 0.659214912203
counter is 708
10 100 -1.5 0 -1 -1 -1.62959731555 12.1895646258
counter is 709
10 100 -1.5 0 -1 1 -0.581263610486 14.7887646258
counter is 710
10 100 -1.5 0 1 -1 0.0344032137593 2.1456049122
counter is 711
10 100 -1.5 0 1 1 -0.425737890047 0.222504912203
counter is 712
10 100 -1.5 1 -1 -1 -1.68626671487 14.3928644671
counter is 713
10 100 -1.5 1 -1 1 -0.690552190088 15.2835144671
counter is 714
10 100 -1.5 1 1 -1 -0.83439755012 -0.0504750877966
counter is 715
10 100 -1.5 1 1 1 -0.731944116468 -0.265025087797
counter is 716
10 100 -1.5 1.5 -1 -1 -1.70797867821 14.7866649122
counter is 717
10 100 -1.5 1.5 -1 1 -0.675596328449 15.4004749122
counter is 718
10 100 -1.5 1.5 1 -1 -1.51483914504 -0.550232460691
counter is 719
10 100 -1.5 1.5 1 1 -1.03755688078 -0.482574218652
counter is 720
10 100 -1.3 -1.5 -1 -1 -1.34847968721 -0.497863032751
counter is 721
10 100 -1.3 -1.5 -1 1 -1.28908397137 11.2034469672
counter is 722
10 100 -1.3 -1.5 1 -1 -2.02866932037 17.0658049122
counter is 723
10 100 -1.3 -1.5 1 1 0.351181104937 6.2471849122
counter is 724
10 100 -1.3 -1 -1 -1 0.205216910229 5.53979696725
counter is 725
10 100 -1.3 -1 -1 1 -2.04796644758 16.1473869672
counter is 726
10 100 -1.3 -1 1 -1 0.177591596052 11.0281449122
counter is 727
10 100 -1.3 -1 1 1 -0.121914440444 1.3032449122
counter is 728
10 100 -1.3 0 -1 -1 -0.80842461022 13.2056246258
counter is 729
10 100 -1.3 0 -1 1 -2.1195549773 16.7528446258
counter is 730
10 100 -1.3 0 1 -1 0.0880215750362 3.3831749122
counter is 731
10 100 -1.3 0 1 1 -0.205217271157 0.718644912203
counter is 732
10 100 -1.3 1 -1 -1 -2.04321487139 16.4172644671
counter is 733
10 100 -1.3 1 -1 1 -2.05389968105 17.5380844671
counter is 734
10 100 -1.3 1 1 -1 -0.696665490847 0.178754912203
counter is 735
10 100 -1.3 1 1 1 -0.492225419605 -0.0593750877966
counter is 736
10 100 -1.3 1.5 -1 -1 -2.03087651823 16.8355849122
counter is 737
10 100 -1.3 1.5 -1 1 -2.0459077735 17.7956149122
counter is 738
10 100 -1.3 1.5 1 -1 -0.878934165897 -0.345522460691
counter is 739
10 100 -1.3 1.5 1 1 -0.763470223262 -0.417494218652
counter is 740
10 100 -1.0 -1.5 -1 -1 -0.896900183504 -0.441943032751
counter is 741
10 100 -1.0 -1.5 -1 1 -0.370741120053 9.18814696725
counter is 742
10 100 -1.0 -1.5 1 -1 -0.762139145067 17.9633349122
counter is 743
10 100 -1.0 -1.5 1 1 0.296485506213 9.0553949122
counter is 744
10 100 -1.0 -1 -1 -1 -0.232551605865 0.185856967249
counter is 745
10 100 -1.0 -1 -1 1 -1.85125939251 16.6328469672
counter is 746
10 100 -1.0 -1 1 -1 -1.8912254323 17.3355349122
counter is 747
10 100 -1.0 -1 1 1 -0.116628646635 1.6106949122
counter is 748
10 100 -1.0 0 -1 -1 -1.96873617417 12.0744469672
counter is 749
10 100 -1.0 0 -1 1 -0.70303917931 17.5316246258
counter is 750
10 100 -1.0 0 1 -1 0.162137153362 5.4469449122
counter is 751
10 100 -1.0 0 1 1 -0.322790705039 0.732774912203
counter is 752
10 100 -1.0 1 -1 -1 -2.14050954637 17.0506144671
counter is 753
10 100 -1.0 1 -1 1 -0.681128375218 18.3606944671
counter is 754
10 100 -1.0 1 1 -1 -0.544336868607 0.498854912203
counter is 755
10 100 -1.0 1 1 1 -0.663754728523 -0.0890750877966
counter is 756
10 100 -1.0 1.5 -1 -1 -0.719374595374 17.8022949122
counter is 757
10 100 -1.0 1.5 -1 1 -0.662463225262 18.6072949122
counter is 758
10 100 -1.0 1.5 1 -1 -1.12109361438 -0.358782460691
counter is 759
10 100 -1.0 1.5 1 1 -0.906841070865 -0.436264218652
counter is 760
10 100 0 -1.5 -1 -1 -0.307248353105 -0.407803032751
counter is 761
10 100 0 -1.5 -1 1 0.247951114713 3.23945696725
counter is 762
10 100 0 -1.5 1 -1 -1.62925368609 21.6953149122
counter is 763
10 100 0 -1.5 1 1 -1.54389923698 18.7343049122
counter is 764
10 100 0 -1 -1 -1 -0.0111523033019 -0.120213032751
counter is 765
10 100 0 -1 -1 1 0.410937489978 7.27559696725
counter is 766
10 100 0 -1 1 -1 -1.52080735414 21.4077249122
counter is 767
10 100 0 -1 1 1 -1.61612415103 14.6981749122
counter is 768
10 100 0 0 -1 -1 -0.282584203534 0.482996967249
counter is 769
10 100 0 0 -1 1 -2.1409544063 21.0996846258
counter is 770
10 100 0 0 1 -1 -1.82355517256 20.8045149122
counter is 771
10 100 0 0 1 1 -0.417009565863 0.894944912203
counter is 772
10 100 0 1 -1 -1 -1.59814563301 17.7216044671
counter is 773
10 100 0 1 -1 1 -0.758964682765 21.7824944671
counter is 774
10 100 0 1 1 -1 -0.0464067807388 3.5939849122
counter is 775
10 100 0 1 1 1 -0.52262387566 0.219354912203
counter is 776
10 100 0 1.5 -1 -1 -1.64460011817 20.2739049122
counter is 777
10 100 0 1.5 -1 1 -0.735735525132 22.2927849122
counter is 778
10 100 0 1.5 1 -1 -0.586305450781 0.935727539309
counter is 779
10 100 0 1.5 1 1 -1.08222336046 -0.391524218652
counter is 780
10 100 1.0 -1.5 -1 -1 -1.18602281365 -0.489803032751
counter is 781
10 100 1.0 -1.5 -1 1 -0.643386671597 0.216442027669
counter is 782
10 100 1.0 -1.5 1 -1 0.275031353425 19.3198249122
counter is 783
10 100 1.0 -1.5 1 1 0.235533776229 19.0757449122
counter is 784
10 100 1.0 -1 -1 -1 -1.02631382675 -0.423603032751
counter is 785
10 100 1.0 -1 -1 1 -0.283673016194 1.32025202767
counter is 786
10 100 1.0 -1 1 -1 0.285067040534 19.2536249122
counter is 787
10 100 1.0 -1 1 1 0.229880208649 17.9719349122
counter is 788
10 100 1.0 0 -1 -1 -1.08417220585 -0.321323032751
counter is 789
10 100 1.0 0 -1 1 0.216731794626 5.44788462582
counter is 790
10 100 1.0 0 1 -1 0.286288172563 19.1513449122
counter is 791
10 100 1.0 0 1 1 0.163280321573 13.8770549122
counter is 792
10 100 1.0 1 -1 -1 -0.458724046538 0.866644467059
counter is 793
10 100 1.0 1 -1 1 0.183187680426 19.1601344671
counter is 794
10 100 1.0 1 1 -1 0.28285118754 17.9914549122
counter is 795
10 100 1.0 1 1 1 -0.727698109591 0.172034912203
counter is 796
10 100 1.0 1.5 -1 -1 0.277031484472 13.6367249122
counter is 797
10 100 1.0 1.5 -1 1 0.168770141088 19.6814649122
counter is 798
10 100 1.0 1.5 1 -1 -0.348867464425 5.11541753931
counter is 799
10 100 1.0 1.5 1 1 -1.3780904693 -0.455252460691
counter is 800
10 100 1.3 -1.5 -1 -1 -1.14774984706 -0.486953032751
counter is 801
10 100 1.3 -1.5 -1 1 -1.07269696401 -0.391253032751
counter is 802
10 100 1.3 -1.5 1 -1 0.232207178239 14.8888449122
counter is 803
10 100 1.3 -1.5 1 1 0.153591247878 15.0344049122
counter is 804
10 100 1.3 -1 -1 -1 -0.753438493973 -0.351483032751
counter is 805
10 100 1.3 -1 -1 1 -0.510358225886 0.416736967249
counter is 806
10 100 1.3 -1 1 -1 0.232199020075 14.7533749122
counter is 807
10 100 1.3 -1 1 1 0.146680290582 14.2264149122
counter is 808
10 100 1.3 0 -1 -1 -1.06690743931 -0.33397537418
counter is 809
10 100 1.3 0 -1 1 -0.004995501214 2.47165462582
counter is 810
10 100 1.3 0 1 -1 0.236585497695 14.7567249122
counter is 811
10 100 1.3 0 1 1 0.100427399672 12.1923449122
counter is 812
10 100 1.3 1 -1 -1 -0.298041888293 0.968594467059
counter is 813
10 100 1.3 1 -1 1 0.147663468458 7.34117446706
counter is 814
10 100 1.3 1 1 -1 0.19995156565 13.4613749122
counter is 815
10 100 1.3 1 1 1 0.0711273789907 7.3300549122
counter is 816
10 100 1.3 1.5 -1 -1 0.143704453311 6.4195849122
counter is 817
10 100 1.3 1.5 -1 1 0.148623164815 15.2003949122
counter is 818
10 100 1.3 1.5 1 -1 -0.237179750904 7.90442753931
counter is 819
10 100 1.3 1.5 1 1 -1.79230302071 -0.629754218652
counter is 820
10 100 1.5 -1.5 -1 -1 -1.03775966797 -0.493743032751
counter is 821
10 100 1.5 -1.5 -1 1 -1.2218363743 -0.457883032751
counter is 822
10 100 1.5 -1.5 1 -1 0.215427027321 12.6397949122
counter is 823
10 100 1.5 -1.5 1 1 0.255291134802 12.6621249122
counter is 824
10 100 1.5 -1 -1 -1 -0.707430772524 -0.390373032751
counter is 825
10 100 1.5 -1 -1 1 -0.521216889308 0.366196967249
counter is 826
10 100 1.5 -1 1 -1 0.213488334235 12.5364249122
counter is 827
10 100 1.5 -1 1 1 0.261397941703 11.8380449122
counter is 828
10 100 1.5 0 -1 -1 -1.15047988643 -0.39778537418
counter is 829
10 100 1.5 0 -1 1 -0.131702974227 1.61914462582
counter is 830
10 100 1.5 0 1 -1 0.216975879532 12.5646949122
counter is 831
10 100 1.5 0 1 1 0.222504241267 10.6059549122
counter is 832
10 100 1.5 1 -1 -1 -0.577552567886 0.370174467059
counter is 833
10 100 1.5 1 -1 1 0.0622944769423 4.24377446706
counter is 834
10 100 1.5 1 1 -1 0.186770478686 11.8039549122
counter is 835
10 100 1.5 1 1 1 0.209286173331 7.9885449122
counter is 836
10 100 1.5 1.5 -1 -1 -0.490464819503 0.942464912203
counter is 837
10 100 1.5 1.5 -1 1 0.25703642923 12.5132549122
counter is 838
10 100 1.5 1.5 1 -1 -0.141092092155 11.1257075393
counter is 839
10 100 1.5 1.5 1 1 -1.34400128783 -0.381524218652
counter is 840
10 250 -1.5 -1.5 -1 -1 -0.510343720769 -0.0654130327514
counter is 841
10 250 -1.5 -1.5 -1 1 -1.99051344511 27.5740169672
counter is 842
10 250 -1.5 -1.5 1 -1 -1.43855934152 30.0040749122
counter is 843
10 250 -1.5 -1.5 1 1 -0.175626785503 2.4832349122
counter is 844
10 250 -1.5 -1 -1 -1 0.127936343866 14.3081969672
counter is 845
10 250 -1.5 -1 -1 1 -0.521292114269 28.4577169672
counter is 846
10 250 -1.5 -1 1 -1 0.432309107123 15.6304649122
counter is 847
10 250 -1.5 -1 1 1 -0.301815363249 1.5995349122
counter is 848
10 250 -1.5 0 -1 -1 -1.58299779195 24.9632646258
counter is 849
10 250 -1.5 0 -1 1 -0.545199876563 29.1828946258
counter is 850
10 250 -1.5 0 1 -1 0.262837524482 4.9962549122
counter is 851
10 250 -1.5 0 1 1 -0.385175280932 0.895214912203
counter is 852
10 250 -1.5 1 -1 -1 -1.64596009869 29.2186944671
counter is 853
10 250 -1.5 1 -1 1 -0.665592924049 30.0444844671
counter is 854
10 250 -1.5 1 1 -1 -0.526002314537 0.748044912203
counter is 855
10 250 -1.5 1 1 1 -0.581367317892 0.0408449122034
counter is 856
10 250 -1.5 1.5 -1 -1 -1.66980264519 30.2789449122
counter is 857
10 250 -1.5 1.5 -1 1 -0.650122778215 30.3468349122
counter is 858
10 250 -1.5 1.5 1 -1 -1.24021121835 -0.418162460691
counter is 859
10 250 -1.5 1.5 1 1 -1.00929579809 -0.362094218652
counter is 860
10 250 -1.3 -1.5 -1 -1 -0.994881157222 -0.326503032751
counter is 861
10 250 -1.3 -1.5 -1 1 -1.2130622937 23.3428669672
counter is 862
10 250 -1.3 -1.5 1 -1 -1.98780440559 34.5869349122
counter is 863
10 250 -1.3 -1.5 1 1 0.309005613834 11.1882949122
counter is 864
10 250 -1.3 -1 -1 -1 0.367964279365 11.2411869672
counter is 865
10 250 -1.3 -1 -1 1 -2.0334251518 31.7474069672
counter is 866
10 250 -1.3 -1 1 -1 0.366799303208 23.0192449122
counter is 867
10 250 -1.3 -1 1 1 -0.12890015003 2.7837549122
counter is 868
10 250 -1.3 0 -1 -1 -0.807802392712 26.8207846258
counter is 869
10 250 -1.3 0 -1 1 -2.10475070381 33.0435846258
counter is 870
10 250 -1.3 0 1 -1 0.256965646346 7.4605049122
counter is 871
10 250 -1.3 0 1 1 -0.297299774099 1.5084349122
counter is 872
10 250 -1.3 1 -1 -1 -2.00537083774 33.1940144671
counter is 873
10 250 -1.3 1 -1 1 -2.02077436043 34.1106244671
counter is 874
10 250 -1.3 1 1 -1 -0.447079803356 1.0944949122
counter is 875
10 250 -1.3 1 1 1 -0.34903274692 0.448614912203
counter is 876
10 250 -1.3 1.5 -1 -1 -1.99080592728 34.2707849122
counter is 877
10 250 -1.3 1.5 -1 1 -2.01314619779 34.6990749122
counter is 878
10 250 -1.3 1.5 1 -1 -0.72004196146 -0.0882324606906
counter is 879
10 250 -1.3 1.5 1 1 -0.763887200427 -0.240424218652
counter is 880
10 250 -1.0 -1.5 -1 -1 -0.998088394883 -0.388273032751
counter is 881
10 250 -1.0 -1.5 -1 1 -0.224212846339 18.3741569672
counter is 882
10 250 -1.0 -1.5 1 -1 -0.742771281345 36.6379649122
counter is 883
10 250 -1.0 -1.5 1 1 0.397337895114 18.1523149122
counter is 884
10 250 -1.0 -1 -1 -1 -0.598778302858 0.355496967249
counter is 885
10 250 -1.0 -1 -1 1 -1.71272670916 33.2061969672
counter is 886
10 250 -1.0 -1 1 -1 -1.76467897228 35.8941949122
counter is 887
10 250 -1.0 -1 1 1 -0.129756075292 3.3202749122
counter is 888
10 250 -1.0 0 -1 -1 -1.82931099995 23.8651069672
counter is 889
10 250 -1.0 0 -1 1 -0.643447499343 34.8421746258
counter is 890
10 250 -1.0 0 1 -1 0.325979944783 12.3845849122
counter is 891
10 250 -1.0 0 1 1 -0.306292566804 1.7051549122
counter is 892
10 250 -1.0 1 -1 -1 -2.13972654611 34.2335944671
counter is 893
10 250 -1.0 1 -1 1 -0.566051970506 35.9990144671
counter is 894
10 250 -1.0 1 1 -1 -0.179972112368 2.0441749122
counter is 895
10 250 -1.0 1 1 1 -0.387586873849 0.555534912203
counter is 896
10 250 -1.0 1.5 -1 -1 -0.658583407494 36.2787949122
counter is 897
10 250 -1.0 1.5 -1 1 -0.547722425352 36.6840449122
counter is 898
10 250 -1.0 1.5 1 -1 -1.00900184098 -0.106982460691
counter is 899
10 250 -1.0 1.5 1 1 -0.759293408605 -0.230084218652
counter is 900
10 250 0 -1.5 -1 -1 -0.172472157812 -0.290263032751
counter is 901
10 250 0 -1.5 -1 1 0.380740719438 7.10804696725
counter is 902
10 250 0 -1.5 1 -1 -1.47255629765 46.6242049122
counter is 903
10 250 0 -1.5 1 1 -1.37372044973 39.5684849122
counter is 904
10 250 0 -1 -1 -1 -0.0650704145216 0.144716967249
counter is 905
10 250 0 -1 -1 1 0.482897229523 14.7240469672
counter is 906
10 250 0 -1 1 -1 -1.33932367868 46.1892249122
counter is 907
10 250 0 -1 1 1 -1.44928863892 31.9524849122
counter is 908
10 250 0 0 -1 -1 -0.407272453326 1.01046696725
counter is 909
10 250 0 0 -1 1 -2.13270304367 44.5839346258
counter is 910
10 250 0 0 1 -1 -1.7329740238 45.3234749122
counter is 911
10 250 0 0 1 1 -0.346585398357 2.1134549122
counter is 912
10 250 0 1 -1 -1 -1.41838253346 37.1079544671
counter is 913
10 250 0 1 -1 1 -0.623609315564 46.0646744671
counter is 914
10 250 0 1 1 -1 0.228720177035 9.2540649122
counter is 915
10 250 0 1 1 1 -0.568374751579 0.639934912203
counter is 916
10 250 0 1.5 -1 -1 -1.48099701817 42.8439049122
counter is 917
10 250 0 1.5 -1 1 -0.600063237307 46.8838449122
counter is 918
10 250 0 1.5 1 -1 -0.191507683336 3.41215753931
counter is 919
10 250 0 1.5 1 1 -1.20571161209 -0.279824218652
counter is 920
10 250 1.0 -1.5 -1 -1 -1.31753915429 -0.496643032751
counter is 921
10 250 1.0 -1.5 -1 1 -0.0679730544602 1.79824202767
counter is 922
10 250 1.0 -1.5 1 -1 0.500389758158 47.2951349122
counter is 923
10 250 1.0 -1.5 1 1 0.459172565293 45.4748149122
counter is 924
10 250 1.0 -1 -1 -1 -0.961858786061 -0.326753032751
counter is 925
10 250 1.0 -1 -1 1 0.106735893327 4.48748202767
counter is 926
10 250 1.0 -1 1 -1 0.509318706859 47.1252449122
counter is 927
10 250 1.0 -1 1 1 0.452143915428 42.7855749122
counter is 928
10 250 1.0 0 -1 -1 -0.873827211754 0.0413569672486
counter is 929
10 250 1.0 0 -1 1 0.286361216254 11.2625346258
counter is 930
10 250 1.0 0 1 -1 0.511771290172 46.7571349122
counter is 931
10 250 1.0 0 1 1 0.429572298886 36.0432749122
counter is 932
10 250 1.0 1 -1 -1 -0.227156133553 2.86424446706
counter is 933
10 250 1.0 1 -1 1 0.411255830429 45.4847644671
counter is 934
10 250 1.0 1 1 -1 0.518086599927 43.9623249122
counter is 935
10 250 1.0 1 1 1 -0.289695113734 1.8282649122
counter is 936
10 250 1.0 1.5 -1 -1 0.462151810833 32.1906049122
counter is 937
10 250 1.0 1.5 -1 1 0.400799570247 47.4014749122
counter is 938
10 250 1.0 1.5 1 -1 0.0245090025721 14.5300075393
counter is 939
10 250 1.0 1.5 1 1 -1.14765298819 -0.194402460691
counter is 940
10 250 1.3 -1.5 -1 -1 -0.96888564162 -0.435403032751
counter is 941
10 250 1.3 -1.5 -1 1 -0.86186939596 -0.176813032751
counter is 942
10 250 1.3 -1.5 1 -1 0.460231690322 36.4845049122
counter is 943
10 250 1.3 -1.5 1 1 0.393932352849 36.8440449122
counter is 944
10 250 1.3 -1 -1 -1 -0.66572147997 -0.191493032751
counter is 945
10 250 1.3 -1 -1 1 -0.0689845469479 2.13918696725
counter is 946
10 250 1.3 -1 1 -1 0.460425631882 36.2405949122
counter is 947
10 250 1.3 -1 1 1 0.382811050748 34.5280449122
counter is 948
10 250 1.3 0 -1 -1 -0.764395646987 0.10297462582
counter is 949
10 250 1.3 0 -1 1 0.105703198353 5.42078462582
counter is 950
10 250 1.3 0 1 -1 0.464185670478 35.9669849122
counter is 951
10 250 1.3 0 1 1 0.364855204601 31.2673049122
counter is 952
10 250 1.3 1 -1 -1 -0.237714274507 2.40169446706
counter is 953
10 250 1.3 1 -1 1 0.365770306188 17.8332344671
counter is 954
10 250 1.3 1 1 -1 0.455780954538 33.6754849122
counter is 955
10 250 1.3 1 1 1 0.341739060769 18.8620749122
counter is 956
10 250 1.3 1.5 -1 -1 0.269344917253 14.8385549122
counter is 957
10 250 1.3 1.5 -1 1 0.385382769028 36.8932149122
counter is 958
10 250 1.3 1.5 1 -1 0.0898235825739 21.1326675393
counter is 959
10 250 1.3 1.5 1 1 -1.30707879067 -0.298494218652
counter is 960
10 250 1.5 -1.5 -1 -1 -1.00257636496 -0.472573032751
counter is 961
10 250 1.5 -1.5 -1 1 -1.01110104656 -0.306533032751
counter is 962
10 250 1.5 -1.5 1 -1 0.445093672531 31.0535049122
counter is 963
10 250 1.5 -1.5 1 1 0.485330877903 30.9704949122
counter is 964
10 250 1.5 -1 -1 -1 -0.65902665555 -0.289783032751
counter is 965
10 250 1.5 -1 -1 1 -0.0551264306409 1.94536696725
counter is 966
10 250 1.5 -1 1 -1 0.443641698685 30.8707149122
counter is 967
10 250 1.5 -1 1 1 0.476409301231 28.7185949122
counter is 968
10 250 1.5 0 -1 -1 -0.759355975024 0.0272046258202
counter is 969
10 250 1.5 0 -1 1 0.0878157620351 4.25093462582
counter is 970
10 250 1.5 0 1 -1 0.446319663801 30.5745849122
counter is 971
10 250 1.5 0 1 1 0.465298397821 26.4338849122
counter is 972
10 250 1.5 1 -1 -1 -0.400399576869 1.50406446706
counter is 973
10 250 1.5 1 -1 1 0.258324917395 10.0266344671
counter is 974
10 250 1.5 1 1 -1 0.444568663743 29.1049449122
counter is 975
10 250 1.5 1 1 1 0.469164028979 20.6654049122
counter is 976
10 250 1.5 1.5 -1 -1 -0.251565781219 3.1385649122
counter is 977
10 250 1.5 1.5 -1 1 0.483261571691 30.6794549122
counter is 978
10 250 1.5 1.5 1 -1 0.137750121162 27.3644875393
counter is 979
10 250 1.5 1.5 1 1 -1.17029534933 -0.0880042186524
counter is 980
15 1 -1.5 -1.5 -1 -1 -0.45817580282 -0.342298799496
counter is 981
15 1 -1.5 -1.5 -1 1 -0.0209161333587 0.0628412005043
counter is 982
15 1 -1.5 -1.5 1 -1 -0.844938141516 -0.280193032751
counter is 983
15 1 -1.5 -1.5 1 1 -2.2289015623 -0.569673032751
counter is 984
15 1 -1.5 -1 -1 -1 -0.0996229820835 -0.0772777008113
counter is 985
15 1 -1.5 -1 -1 1 -0.0362693161419 0.0565912005043
counter is 986
15 1 -1.5 -1 1 -1 -1.55173555531 -0.558483032751
counter is 987
15 1 -1.5 -1 1 1 -2.12566742862 -0.563423032751
counter is 988
15 1 -1.5 0 -1 -1 -0.86258951884 -0.273901344921
counter is 990
15 1 -1.5 0 1 -1 -0.732589308358 -0.387474641558
counter is 991
15 1 -1.5 0 1 1 -1.70061290431 -0.54389054918
counter is 992
15 1 -1.5 1 -1 -1 -0.872062111109 -0.291873032751
counter is 993
15 1 -1.5 1 -1 1 -0.503763866319 -0.148513032751
counter is 994
15 1 -1.5 1 1 -1 -1.16839380101 -0.576172749386
counter is 995
15 1 -1.5 1 1 1 -1.63225601408 -0.583175034097
counter is 996
15 1 -1.5 1.5 -1 -1 -0.81186797707 -0.265043032751
counter is 997
15 1 -1.5 1.5 -1 1 -0.482316469907 -0.139203032751
counter is 998
15 1 -1.5 1.5 1 -1 -1.35511323692 -0.541882175621
counter is 999
15 1 -1.5 1.5 1 1 -2.23587216717 -0.573899679718
counter is 1000
15 1 -1.3 -1.5 -1 -1 -0.351957282943 -0.345608799496
counter is 1001
15 1 -1.3 -1.5 -1 1 -0.117457159121 0.00637120050425
counter is 1002
15 1 -1.3 -1.5 1 -1 -1.04839066966 -0.358433032751
counter is 1003
15 1 -1.3 -1.5 1 1 -1.41924248951 -0.522223032751
counter is 1004
15 1 -1.3 -1 -1 -1 -0.473829822197 -0.227197700811
counter is 1005
15 1 -1.3 -1 -1 1 -0.108906228205 0.0137022991887
counter is 1006
15 1 -1.3 -1 1 -1 -1.34439477299 -0.490113032751
counter is 1007
15 1 -1.3 -1 1 1 -1.73599643804 -0.542823032751
counter is 1008
15 1 -1.3 0 -1 -1 -1.13109554525 -0.376871344921
counter is 1009
15 1 -1.3 0 -1 1 -0.245690611468 -0.0444913449208
counter is 1010
15 1 -1.3 0 1 -1 -0.617111397073 -0.366054641558
counter is 1011
15 1 -1.3 0 1 1 -1.42530154162 -0.53385054918
counter is 1012
15 1 -1.3 1 -1 -1 -1.11989827862 -0.390033032751
counter is 1013
15 1 -1.3 1 -1 1 -0.499562161062 -0.162113032751
counter is 1014
15 1 -1.3 1 1 -1 -0.842173757459 -0.559562749386
counter is 1015
15 1 -1.3 1 1 1 -1.49224834593 -0.594424218652
counter is 1016
15 1 -1.3 1.5 -1 -1 -1.02035729175 -0.345433032751
counter is 1017
15 1 -1.3 1.5 -1 1 -0.476092062714 -0.153133032751
counter is 1018
15 1 -1.3 1.5 1 -1 -1.44776458118 -0.543042175621
counter is 1019
15 1 -1.3 1.5 1 1 -1.7640985876 -0.579612842522
counter is 1020
15 1 -1.0 -1.5 -1 -1 -1.41729897824 -0.366348799496
counter is 1021
15 1 -1.0 -1.5 -1 1 -0.639212261069 -0.206318799496
counter is 1022
15 1 -1.0 -1.5 1 -1 -1.53933568889 -0.575643032751
counter is 1023
15 1 -1.0 -1.5 1 1 -2.18427334755 -0.655343032751
counter is 1024
15 1 -1.0 -1 -1 -1 -1.73437761471 -0.392617700811
counter is 1025
15 1 -1.0 -1 -1 1 -0.881266964096 -0.281777700811
counter is 1026
15 1 -1.0 -1 1 -1 -1.50985400091 -0.562643032751
counter is 1027
15 1 -1.0 -1 1 1 -2.42837829079 -0.593153032751
counter is 1028
15 1 -1.0 0 -1 -1 -1.63209183054 -0.577091344921
counter is 1029
15 1 -1.0 0 -1 1 -0.972999928163 -0.313368379462
counter is 1030
15 1 -1.0 0 1 -1 -0.924335000253 -0.403784641558
counter is 1031
15 1 -1.0 0 1 1 -2.01531240026 -0.55913054918
counter is 1032
15 1 -1.0 1 -1 -1 -1.63236030243 -0.616203032751
counter is 1033
15 1 -1.0 1 -1 1 -1.35792854172 -0.495563032751
counter is 1034
15 1 -1.0 1 1 -1 -1.1867880478 -0.566474218652
counter is 1035
15 1 -1.0 1 1 1 -1.92450332787 -0.606784218652
counter is 1036
15 1 -1.0 1.5 -1 -1 -1.52562318296 -0.569663032751
counter is 1037
15 1 -1.0 1.5 -1 1 -1.29706865421 -0.473563032751
counter is 1038
15 1 -1.0 1.5 1 -1 -2.45585565243 -0.589222842522
counter is 1039
15 1 -1.0 1.5 1 1 -2.8478577921 -0.604992842522
counter is 1040
15 1 0 -1.5 -1 -1 -0.366504877204 -0.372174307912
counter is 1041
15 1 0 -1.5 -1 1 -0.303744081319 -0.196158799496
counter is 1042
15 1 0 -1.5 1 -1 -0.989620345425 -0.379150067589
counter is 1043
15 1 0 -1.5 1 1 -2.21755013208 -0.836153032751
counter is 1044
15 1 0 -1 -1 -1 -0.121941969488 -0.378045474117
counter is 1045
15 1 0 -1 -1 1 -0.442471426823 -0.199148799496
counter is 1046
15 1 0 -1 1 -1 -1.01574640325 -0.386730067589
counter is 1047
15 1 0 -1 1 1 -2.2412462726 -0.833163032751
counter is 1048
15 1 0 0 -1 -1 -1.65945013325 -0.434623379455
counter is 1049
15 1 0 0 -1 1 -1.42560156896 -0.508451748612
counter is 1050
15 1 0 0 1 -1 -0.860611319293 -0.337544641558
counter is 1051
15 1 0 0 1 1 -1.19460614263 -0.497914641558
counter is 1052
15 1 0 1 -1 -1 -1.22210844 -0.452320067589
counter is 1053
15 1 0 1 -1 1 -1.7668752219 -0.680213032751
counter is 1054
15 1 0 1 1 -1 -0.828446743655 -0.520964218652
counter is 1055
15 1 0 1 1 1 -1.53280482987 -0.592774218652
counter is 1056
15 1 0 1.5 -1 -1 -1.09488788498 -0.412100067589
counter is 1057
15 1 0 1.5 -1 1 -1.72081833514 -0.659393032751
counter is 1058
15 1 0 1.5 1 -1 -0.62847097062 -0.548110768618
counter is 1059
15 1 0 1.5 1 1 -2.43233325311 -0.559442654579
counter is 1060
15 1 1.0 -1.5 -1 -1 -0.309719691834 -0.366815551938
counter is 1061
15 1 1.0 -1.5 -1 1 -0.995665048133 -0.360770062708
counter is 1062
15 1 1.0 -1.5 1 -1 -1.30216296757 -0.480570170109
counter is 1063
15 1 1.0 -1.5 1 1 -1.0032459618 -0.352953032751
counter is 1064
15 1 1.0 -1 -1 -1 0.336832186678 -0.363037769215
counter is 1065
15 1 1.0 -1 -1 1 -1.21500634254 -0.368880062708
counter is 1066
15 1 1.0 -1 1 -1 -1.35227872424 -0.494550170109
counter is 1067
15 1 1.0 -1 1 1 -0.972795460418 -0.344843032751
counter is 1068
15 1 1.0 0 -1 -1 -0.92468222345 -0.404143674857
counter is 1069
15 1 1.0 0 -1 1 -1.69490076438 -0.486208646291
counter is 1070
15 1 1.0 0 1 -1 -1.2751286482 -0.466124641558
counter is 1071
15 1 1.0 0 1 1 -0.423409307956 -0.201564641558
counter is 1072
15 1 1.0 1 -1 -1 -1.69955631374 -0.545140170109
counter is 1073
15 1 1.0 1 -1 1 -0.993556493004 -0.346173032751
counter is 1074
15 1 1.0 1 1 -1 -1.49593465663 -0.526984218652
counter is 1075
15 1 1.0 1 1 1 -1.86738174239 -0.605074218652
counter is 1076
15 1 1.0 1.5 -1 -1 -1.65729683202 -0.561760170109
counter is 1077
15 1 1.0 1.5 -1 1 -0.983741605339 -0.344213032751
counter is 1078
15 1 1.0 1.5 1 -1 -1.26738971363 -0.486572842522
counter is 1079
15 1 1.0 1.5 1 1 -1.99723411303 -0.583242842522
counter is 1080
15 1 1.3 -1.5 -1 -1 -1.14402037996 -0.374339345518
counter is 1081
15 1 1.3 -1.5 -1 1 -1.2457278295 -0.363293123444
counter is 1082
15 1 1.3 -1.5 1 -1 -0.854391894945 -0.342913032751
counter is 1083
15 1 1.3 -1.5 1 1 -1.43515746718 -0.515330067589
counter is 1084
15 1 1.3 -1 -1 -1 -1.11366968511 -0.373949345518
counter is 1085
15 1 1.3 -1 -1 1 -0.724582252614 -0.325273123444
counter is 1086
15 1 1.3 -1 1 -1 -0.856152155654 -0.343303032751
counter is 1087
15 1 1.3 -1 1 1 -1.57089231841 -0.553350067589
counter is 1088
15 1 1.3 0 -1 -1 -1.87009942177 -0.434371344921
counter is 1089
15 1 1.3 0 -1 1 -0.7335110995 -0.306673123444
counter is 1090
15 1 1.3 0 1 -1 -0.761034695709 -0.309684641558
counter is 1091
15 1 1.3 0 1 1 -1.64712454539 -0.565734641558
counter is 1092
15 1 1.3 1 -1 -1 -2.03400189046 -0.567803032751
counter is 1093
15 1 1.3 1 -1 1 -0.214618928016 -0.290367972331
counter is 1094
15 1 1.3 1 1 -1 -1.00608006088 -0.378054218652
counter is 1095
15 1 1.3 1 1 1 -2.92461276518 -0.851254218652
counter is 1096
15 1 1.3 1.5 -1 -1 -1.14418682321 -0.466663032751
counter is 1097
15 1 1.3 1.5 -1 1 -1.500606811 -0.542917972331
counter is 1098
15 1 1.3 1.5 1 -1 -1.17661590388 -0.455402842522
counter is 1099
15 1 1.3 1.5 1 1 -1.5943612086 -0.574912842522
counter is 1100
15 1 1.5 -1.5 -1 -1 -1.16698473355 -0.374589345518
counter is 1101
15 1 1.5 -1.5 -1 1 -1.45513681391 -0.367843123444
counter is 1102
15 1 1.5 -1.5 1 -1 -0.574353831632 -0.289173032751
counter is 1103
15 1 1.5 -1.5 1 1 -1.37272930284 -0.496715213908
counter is 1104
15 1 1.5 -1 -1 -1 -0.749509450536 -0.370529345518
counter is 1105
15 1 1.5 -1 -1 1 -0.958251304677 -0.343023123444
