counter is 1
10 1 -1.5 -1.5 -1 1 -1.28015803539 -0.105365449649
counter is 2
10 1 -1.5 -1.5 1 -1 -0.168921977373 -0.0812221675348
counter is 3
10 1 -1.5 -1.5 1 1 0.729347702022 -0.124137298115
counter is 4
10 1 -1.5 -1 -1 -1 -0.216685191813 -0.135184962627
counter is 5
10 1 -1.5 -1 -1 1 -1.34041019228 -0.194830226842
counter is 6
10 1 -1.5 -1 1 -1 -0.219943493075 -0.0858021675348
counter is 7
10 1 -1.5 -1 1 1 0.457595891445 -0.127357298115
counter is 8
10 1 -1.5 0 -1 -1 -0.212650228146 -0.133434962627
counter is 9
10 1 -1.5 0 -1 1 -1.29853479371 -0.175513718122
counter is 10
10 1 -1.5 0 1 -1 -0.309447247049 -0.281910978349
counter is 11
10 1 -1.5 0 1 1 0.192489265659 -0.128757298115
counter is 12
10 1 -1.5 1 -1 -1 -0.170342910089 -0.0813121675348
counter is 13
10 1 -1.5 1 -1 1 -1.26771999806 -0.158681588772
counter is 14
10 1 -1.5 1 1 -1 0.252743490476 -0.488232561203
counter is 15
10 1 -1.5 1 1 1 0.8078393149 -0.275031408329
counter is 16
10 1 -1.5 1.5 -1 -1 -0.150873473015 -0.0799921675348
counter is 17
10 1 -1.5 1.5 -1 1 -1.25860707853 -0.157951588772
counter is 18
10 1 -1.5 1.5 1 -1 0.0622708170305 -0.55478863192
counter is 19
10 1 -1.5 1.5 1 1 1.04787538263 0.0292407700928
counter is 20
10 1 -1.3 -1.5 -1 -1 0.239475548588 0.00399339949261
counter is 21
10 1 -1.3 -1.5 -1 1 -1.42324526704 -0.102905449649
counter is 22
10 1 -1.3 -1.5 1 -1 0.305337843618 -0.0401021675348
counter is 23
10 1 -1.3 -1.5 1 1 -0.676839617629 -0.117062822961
counter is 24
10 1 -1.3 -1 -1 -1 0.254028546924 -0.107963374519
counter is 25
10 1 -1.3 -1 -1 1 -1.66140475562 -0.238394962627
counter is 26
10 1 -1.3 -1 1 -1 -0.0849588670929 -0.0777721675348
counter is 27
10 1 -1.3 -1 1 1 0.481451567311 -0.126727298115
counter is 28
10 1 -1.3 0 -1 -1 0.241139321126 -0.0766884826325
counter is 29
10 1 -1.3 0 -1 1 -1.61522784472 -0.218489093703
counter is 30
10 1 -1.3 0 1 -1 0.533983094839 -0.0802878459303
counter is 31
10 1 -1.3 0 1 1 0.263370705125 -0.128247298115
counter is 32
10 1 -1.3 1 -1 -1 0.28616816227 -0.0417021675348
counter is 33
10 1 -1.3 1 -1 1 -1.58495084578 -0.201442822961
counter is 34
10 1 -1.3 1 1 -1 0.402697852863 -0.316262622916
counter is 35
10 1 -1.3 1 1 1 1.12358097056 -0.185146790306
counter is 36
10 1 -1.3 1.5 -1 -1 0.288390216301 -0.0414921675348
counter is 37
10 1 -1.3 1.5 -1 1 -1.56471328592 -0.199982822961
counter is 38
10 1 -1.3 1.5 1 -1 0.673333763771 -0.316472622916
counter is 39
10 1 -1.3 1.5 1 1 1.04787538263 0.0292407700928
counter is 40
10 1 -1.0 -1.5 -1 -1 -1.59118157333 0.000173399492613
counter is 41
10 1 -1.0 -1.5 -1 1 -1.69557353296 -0.0996654496489
counter is 42
10 1 -1.0 -1.5 1 -1 0.444663498842 -0.0671590937031
counter is 43
10 1 -1.0 -1.5 1 1 -0.167729302636 -0.114728482633
counter is 44
10 1 -1.0 -1 -1 -1 -1.29439483151 -0.154213374519
counter is 45
10 1 -1.0 -1 -1 1 -1.32443659832 -0.216154962627
counter is 46
10 1 -1.0 -1 1 -1 0.513547549684 -0.0623990937031
counter is 47
10 1 -1.0 -1 1 1 0.257773989939 -0.080626928702
counter is 48
10 1 -1.0 0 -1 -1 0.396453653501 -0.0711890937031
counter is 49
10 1 -1.0 0 -1 1 -1.30543439147 -0.197588482633
counter is 50
10 1 -1.0 0 1 -1 -0.156888292579 -0.0738951494689
counter is 51
10 1 -1.0 0 1 1 0.783777411871 -0.108733566463
counter is 52
10 1 -1.0 1 -1 -1 0.418432888725 -0.0694590937031
counter is 53
10 1 -1.0 1 -1 1 -1.27938806857 -0.195728482633
counter is 54
10 1 -1.0 1 1 -1 -0.750996682889 -0.367212685517
counter is 55
10 1 -1.0 1 1 1 0.945889822703 -0.311437657824
counter is 56
10 1 -1.0 1.5 -1 -1 0.404884110952 -0.0702790937031
counter is 57
10 1 -1.0 1.5 -1 1 -1.26076183519 -0.194328482633
counter is 58
10 1 -1.0 1.5 1 -1 -0.6375375207 -0.366392685517
counter is 59
10 1 -1.0 1.5 1 1 -0.120068463552 -0.278378294839
counter is 60
10 1 0 -1.5 -1 -1 -0.786339423978 0.00248339949261
counter is 61
10 1 0 -1.5 -1 1 -1.26403518131 -0.0587954496489
counter is 62
10 1 0 -1.5 1 -1 1.17976245175 -0.0137721675348
counter is 63
10 1 0 -1.5 1 1 -1.12194318438 -0.115321341213
counter is 64
10 1 0 -1 -1 -1 -1.20135597351 -0.148453374519
counter is 65
10 1 0 -1 -1 1 -0.979694247956 -0.144040226842
counter is 66
10 1 0 -1 1 -1 1.20689775099 -0.0124621675348
counter is 67
10 1 0 -1 1 1 -1.45232198559 -0.122761341213
counter is 68
10 1 0 0 -1 -1 -0.905882479544 -0.125788482633
counter is 69
10 1 0 0 -1 1 -1.65842235586 -0.186822596069
counter is 70
10 1 0 0 1 -1 1.20542460329 -0.0345383572517
counter is 71
10 1 0 0 1 1 0.154539866273 -0.0979796818133
counter is 72
10 1 0 1 -1 -1 0.743547391641 -0.0445521675348
counter is 73
10 1 0 1 -1 1 -1.58012537889 -0.165141588772
counter is 74
10 1 0 1 1 -1 0.465580413843 -0.336422685517
counter is 75
10 1 0 1 1 1 -0.192370292815 -0.26875521938
counter is 76
10 1 0 1.5 -1 -1 1.0543792379 -0.0232321675348
counter is 77
10 1 0 1.5 -1 1 -1.57728887733 -0.164971588772
counter is 78
10 1 0 1.5 1 -1 -0.0441254015868 -0.357742685517
counter is 79
10 1 0 1.5 1 1 0.0809284344399 -0.279125288984
counter is 80
10 1 1.0 -1.5 -1 -1 -2.1429284805 -0.337483715825
counter is 81
10 1 1.0 -1.5 -1 1 -0.872760436927 -0.273398804118
counter is 82
10 1 1.0 -1.5 1 -1 0.490837550565 -0.0402921675348
counter is 83
10 1 1.0 -1.5 1 1 -0.870470684352 -0.139169681813
counter is 84
10 1 1.0 -1 -1 -1 -0.318954270223 -0.335297268975
counter is 85
10 1 1.0 -1 -1 1 0.0653384334892 -0.220705265967
counter is 86
10 1 1.0 -1 1 -1 0.466570818226 -0.0418121675348
counter is 87
10 1 1.0 -1 1 1 -0.924972756517 -0.142619681813
counter is 88
10 1 1.0 0 -1 -1 -0.424702442333 -0.123218482633
counter is 89
10 1 1.0 0 -1 1 -1.11979967108 -0.213288712232
counter is 90
10 1 1.0 0 1 -1 0.454148754936 -0.0638683572517
counter is 91
10 1 1.0 0 1 1 -0.717248390091 -0.128369681813
counter is 92
10 1 1.0 1 -1 -1 0.144535806943 -0.0856521675348
counter is 93
10 1 1.0 1 -1 1 -0.841108585918 -0.137259681813
counter is 94
10 1 1.0 1 1 -1 0.110375565529 -0.324248694213
counter is 95
10 1 1.0 1 1 1 -1.21877444355 -0.333099665716
counter is 96
10 1 1.0 1.5 -1 -1 0.283574212057 -0.0602721675348
counter is 97
10 1 1.0 1.5 -1 1 -0.837900803663 -0.137079681813
counter is 98
10 1 1.0 1.5 1 -1 -0.114332184448 -0.347462685517
counter is 99
10 1 1.0 1.5 1 1 -2.15884256845 -0.260370411658
counter is 100
10 1 1.3 -1.5 -1 -1 -1.54471143733 -0.336853715825
counter is 101
10 1 1.3 -1.5 -1 1 -0.65868866482 -0.252876075544
counter is 102
10 1 1.3 -1.5 1 -1 0.964825802823 -0.00124216753481
counter is 103
10 1 1.3 -1.5 1 1 -0.297752032312 -0.128077298115
counter is 104
10 1 1.3 -1 -1 -1 0.509669080194 -0.260668575032
counter is 105
10 1 1.3 -1 -1 1 -0.121327053572 -0.251336075544
counter is 106
10 1 1.3 -1 1 -1 0.931139945867 -0.00362216753481
counter is 107
10 1 1.3 -1 1 1 -0.319682300286 -0.129617298115
counter is 108
10 1 1.3 0 -1 -1 0.0492084745088 -0.136946709283
counter is 109
10 1 1.3 0 -1 1 -0.991956176567 -0.260610085069
counter is 110
10 1 1.3 0 1 -1 0.919952518286 -0.0256483572517
counter is 111
10 1 1.3 0 1 1 -0.192732496653 -0.120857298115
counter is 112
10 1 1.3 1 -1 -1 0.136726908989 -0.0859621675348
counter is 113
10 1 1.3 1 -1 1 -0.588643476032 -0.143777298115
counter is 114
10 1 1.3 1 1 -1 0.625704829488 -0.284258694213
counter is 115
10 1 1.3 1 1 1 -0.258169265853 -0.324016243439
counter is 116
10 1 1.3 1.5 -1 -1 0.654478056953 -0.0428821675348
counter is 117
10 1 1.3 1.5 -1 1 -0.255584370488 -0.125117298115
counter is 118
10 1 1.3 1.5 1 -1 0.205208572795 -0.325172685517
counter is 119
10 1 1.3 1.5 1 1 -1.60861046785 -0.286401957857
counter is 120
10 1 1.5 -1.5 -1 -1 -31.7490157328 -0.00423643442623
counter is 121
10 1 1.5 -1.5 -1 1 -1.1233305838 -0.286521686098
counter is 122
10 1 1.5 -1.5 1 -1 0.758515476811 -0.0255721675348
counter is 123
10 1 1.5 -1.5 1 1 -0.23024962124 -0.123237298115
counter is 124
10 1 1.5 -1 -1 -1 0.595615871193 -0.330967110855
counter is 125
10 1 1.5 -1 -1 1 -1.11115718499 -0.286591686098
counter is 126
10 1 1.5 -1 1 -1 0.743766599749 -0.0264621675348
counter is 127
10 1 1.5 -1 1 1 -0.229277521789 -0.123167298115
counter is 128
10 1 1.5 0 -1 -1 -0.189175415407 -0.137866709283
counter is 129
10 1 1.5 0 -1 1 -1.27383478756 -0.264030085069
counter is 130
10 1 1.5 0 1 -1 0.6826404004 -0.0880153346798
counter is 131
10 1 1.5 0 1 1 -0.0853185631226 -0.113107298115
counter is 132
10 1 1.5 1 -1 -1 -0.00184619692197 -0.0869721675348
counter is 133
10 1 1.5 1 -1 1 -0.89808101981 -0.157977298115
counter is 134
10 1 1.5 1 1 -1 0.426833340566 -0.307238694213
counter is 135
10 1 1.5 1 1 1 0.0607643954814 -0.305486243439
counter is 136
10 1 1.5 1.5 -1 -1 -0.00488633029629 -0.0865521675348
counter is 137
10 1 1.5 1.5 -1 1 -0.217468974941 -0.122327298115
counter is 138
10 1 1.5 1.5 1 -1 0.422931114382 -0.305492685517
counter is 139
10 1 1.5 1.5 1 1 -1.25483632211 -0.255516231998
counter is 140
10 5 -1.5 -1.5 -1 -1 0.970032075973 0.141821549023
counter is 141
10 5 -1.5 -1.5 -1 1 -0.619623325055 -0.123592114952
counter is 142
10 5 -1.5 -1.5 1 -1 -1.17061661833 -0.235652167535
counter is 143
10 5 -1.5 -1.5 1 1 -0.024255999503 -0.102322822961
counter is 144
10 5 -1.5 -1 -1 -1 -1.4244186507 -0.283744962627
counter is 145
10 5 -1.5 -1 -1 1 -0.709139168787 -0.215854962627
counter is 146
10 5 -1.5 -1 1 -1 -0.262347705493 -0.0877621675348
counter is 147
10 5 -1.5 -1 1 1 -0.120093757195 -0.105172822961
counter is 148
10 5 -1.5 0 -1 -1 -1.16432878111 -0.279944962627
counter is 149
10 5 -1.5 0 -1 1 -0.671360122396 -0.195089093703
counter is 150
10 5 -1.5 0 1 -1 -1.20278688618 -0.356364973956
counter is 151
10 5 -1.5 0 1 1 -0.507463007654 -0.107552822961
counter is 152
10 5 -1.5 1 -1 -1 -1.11217906922 -0.230012167535
counter is 153
10 5 -1.5 1 -1 1 -0.659922715519 -0.180532822961
counter is 154
10 5 -1.5 1 1 -1 -0.579496384171 -0.39297270633
counter is 155
10 5 -1.5 1 1 1 0.667327928227 -0.261127141346
counter is 156
10 5 -1.5 1.5 -1 -1 -1.11582166234 -0.230712167535
counter is 157
10 5 -1.5 1.5 -1 1 -0.653386443478 -0.179262822961
counter is 158
10 5 -1.5 1.5 1 -1 -0.318010699781 -0.505844171063
counter is 159
10 5 -1.5 1.5 1 1 0.432216814222 -0.0103244555811
counter is 160
10 5 -1.3 -1.5 -1 -1 0.31478465812 0.136631549023
counter is 161
10 5 -1.3 -1.5 -1 1 -0.623527178754 -0.109042114952
counter is 162
10 5 -1.3 -1.5 1 -1 -0.378890040532 -0.115012167535
counter is 163
10 5 -1.3 -1.5 1 1 0.176389407832 -0.0548628229613
counter is 164
10 5 -1.3 -1 -1 -1 -0.60194923415 -0.186983374519
counter is 165
10 5 -1.3 -1 -1 1 -0.397933214704 -0.160064962627
counter is 166
10 5 -1.3 -1 1 -1 -0.128367220752 -0.0734221675348
counter is 167
10 5 -1.3 -1 1 1 0.445597155934 -0.0989528229613
counter is 168
10 5 -1.3 0 -1 -1 -0.412676712923 -0.147728482633
counter is 169
10 5 -1.3 0 -1 1 -0.344812159956 -0.135629093703
counter is 170
10 5 -1.3 0 1 -1 -0.408469502046 -0.0891621675348
counter is 171
10 5 -1.3 0 1 1 -0.0333809115662 -0.105002822961
counter is 172
10 5 -1.3 1 -1 -1 -0.387634197502 -0.117152167535
counter is 173
10 5 -1.3 1 -1 1 -0.331480439198 -0.120522822961
counter is 174
10 5 -1.3 1 1 -1 -0.0124863569169 -0.328776566786
counter is 175
10 5 -1.3 1 1 1 1.33154884524 -0.219021989549
counter is 176
10 5 -1.3 1.5 -1 -1 -0.374438194258 -0.114522167535
counter is 177
10 5 -1.3 1.5 -1 1 -0.315542911523 -0.117252822961
counter is 178
10 5 -1.3 1.5 1 -1 -0.463629608868 -0.331406566786
counter is 179
10 5 -1.3 1.5 1 1 0.432216814222 -0.0103244555811
counter is 180
10 5 -1.0 -1.5 -1 -1 -1.63304851856 0.127761549023
counter is 181
10 5 -1.0 -1.5 -1 1 -0.866827154997 -0.123352114952
counter is 182
10 5 -1.0 -1.5 1 -1 -0.550523637776 -0.172789093703
counter is 183
10 5 -1.0 -1.5 1 1 0.170438799304 -0.0524084826325
counter is 184
10 5 -1.0 -1 -1 -1 -1.31067249779 -0.161393374519
counter is 185
10 5 -1.0 -1 -1 1 -0.375867489472 -0.154524962627
counter is 186
10 5 -1.0 -1 1 -1 -0.521871181151 -0.165659093703
counter is 187
10 5 -1.0 -1 1 1 0.148329956614 -0.116348482633
counter is 188
10 5 -1.0 0 -1 -1 -0.579473061159 -0.176159093703
counter is 189
10 5 -1.0 0 -1 1 -0.314092660173 -0.128298482633
counter is 190
10 5 -1.0 0 1 -1 -0.366801049051 -0.0845701856932
counter is 191
10 5 -1.0 0 1 1 -0.352943306155 -0.0897170492268
counter is 192
10 5 -1.0 1 -1 -1 -0.691032571166 -0.198259093703
counter is 193
10 5 -1.0 1 -1 1 -0.326994621073 -0.130898482633
counter is 194
10 5 -1.0 1 1 -1 -0.0696714670613 -0.31329666104
counter is 195
10 5 -1.0 1 1 1 0.0987742255964 -0.350452274081
counter is 196
10 5 -1.0 1.5 -1 -1 -0.609446706632 -0.183209093703
counter is 197
10 5 -1.0 1.5 -1 1 -0.317955854919 -0.129128482633
counter is 198
10 5 -1.0 1.5 1 -1 -0.511640554289 -0.32834666104
counter is 199
10 5 -1.0 1.5 1 1 -0.150639242024 -0.29530725705
counter is 200
10 5 0 -1.5 -1 -1 -2.31175974834 0.130671549023
counter is 201
10 5 0 -1.5 -1 1 -0.68530206411 -0.0772521149519
counter is 202
10 5 0 -1.5 1 -1 0.328451312574 -0.0108721675348
counter is 203
10 5 0 -1.5 1 1 -0.525802651417 -0.138072822961
counter is 204
10 5 0 -1 -1 -1 -1.58465078548 -0.153573374519
counter is 205
10 5 0 -1 -1 1 -0.421518513666 -0.148574962627
counter is 206
10 5 0 -1 1 -1 0.348394239078 -0.00865216753481
counter is 207
10 5 0 -1 1 1 -0.744212498164 -0.161862822961
counter is 208
10 5 0 0 -1 -1 -1.27576822984 -0.137328482633
counter is 209
10 5 0 0 -1 1 -0.859398930088 -0.203430029334
counter is 210
10 5 0 0 1 -1 0.455173105576 0.0263985631267
counter is 211
10 5 0 0 1 1 0.580145626431 -0.0910528229613
counter is 212
10 5 0 1 -1 -1 -0.510395895917 -0.115782167535
counter is 213
10 5 0 1 -1 1 -0.760757567419 -0.176712822961
counter is 214
10 5 0 1 1 -1 0.839823725008 -0.225038241542
counter is 215
10 5 0 1 1 1 0.801576999606 -0.228005718253
counter is 216
10 5 0 1.5 -1 -1 -0.0248675192568 -0.0600121675348
counter is 217
10 5 0 1.5 -1 1 -0.702759037612 -0.168772822961
counter is 218
10 5 0 1.5 1 -1 0.240780206099 -0.280808241542
counter is 219
10 5 0 1.5 1 1 -0.269142993439 -0.245880377079
counter is 220
10 5 1.0 -1.5 -1 -1 -1.64813924046 -0.371437489603
counter is 221
10 5 1.0 -1.5 -1 1 -0.713919778023 -0.202245882594
counter is 222
10 5 1.0 -1.5 1 -1 0.397311129017 0.0143478324652
counter is 223
10 5 1.0 -1.5 1 1 -0.364798669652 -0.124602822961
counter is 224
10 5 1.0 -1 -1 -1 -0.224234587162 -0.329188253319
counter is 225
10 5 1.0 -1 -1 1 0.632386755997 -0.11671844787
counter is 226
10 5 1.0 -1 1 -1 0.383121322984 0.0118878324652
counter is 227
10 5 1.0 -1 1 1 -0.456635132665 -0.141182822961
counter is 228
10 5 1.0 0 -1 -1 -0.560216144887 -0.124818482633
counter is 229
10 5 1.0 0 -1 1 -1.45239925675 -0.150966324435
counter is 230
10 5 1.0 0 1 -1 0.440223501471 0.0430785631267
counter is 231
10 5 1.0 0 1 1 -0.160581590193 -0.0868828229613
counter is 232
10 5 1.0 1 -1 -1 -0.401115320919 -0.0899721675348
counter is 233
10 5 1.0 1 -1 1 -0.352307713575 -0.120912822961
counter is 234
10 5 1.0 1 1 -1 0.141835190648 -0.223758524076
counter is 235
10 5 1.0 1 1 1 -0.837090780077 -0.326373437951
counter is 236
10 5 1.0 1.5 -1 -1 -0.110460233831 -0.0707421675348
counter is 237
10 5 1.0 1.5 -1 1 -0.360687989615 -0.123822822961
counter is 238
10 5 1.0 1.5 1 -1 0.344918456657 -0.240888241542
counter is 239
10 5 1.0 1.5 1 1 -0.991755773928 -0.22227824469
counter is 240
10 5 1.3 -1.5 -1 -1 -1.45651434283 -0.370837489603
counter is 241
10 5 1.3 -1.5 -1 1 -0.717929583488 -0.219312301766
counter is 242
10 5 1.3 -1.5 1 -1 1.13636150077 0.149667832465
counter is 243
10 5 1.3 -1.5 1 1 0.181023245493 -0.0261528229613
counter is 244
10 5 1.3 -1 -1 -1 0.352134043735 -0.306242960387
counter is 245
10 5 1.3 -1 -1 1 0.571485535769 -0.204702301766
counter is 246
10 5 1.3 -1 1 -1 1.11649801298 0.145787832465
counter is 247
10 5 1.3 -1 1 1 0.101311616883 -0.0407628229613
counter is 248
10 5 1.3 0 -1 -1 0.0989772175631 -0.135236709283
counter is 249
10 5 1.3 0 -1 1 -1.1779533568 -0.245669322382
counter is 250
10 5 1.3 0 1 -1 1.15990743626 0.174228563127
counter is 251
10 5 1.3 0 1 1 0.297517157085 -0.00566282296133
counter is 252
10 5 1.3 1 -1 -1 0.307672248532 -0.0815921675348
counter is 253
10 5 1.3 1 -1 1 -0.427451565451 -0.120072822961
counter is 254
10 5 1.3 1 1 -1 0.861445831848 -0.0962185240762
counter is 255
10 5 1.3 1 1 1 0.119442019004 -0.237319737551
counter is 256
10 5 1.3 1.5 -1 -1 0.656907715938 0.00573783246519
counter is 257
10 5 1.3 1.5 -1 1 0.225088340309 -0.0197128229613
counter is 258
10 5 1.3 1.5 1 -1 0.628220613604 -0.181448241542
counter is 259
10 5 1.3 1.5 1 1 -1.52095035169 -0.251332794108
counter is 260
10 5 1.5 -1.5 -1 -1 -19.3232569712 -0.0297687295082
counter is 261
10 5 1.5 -1.5 -1 1 -1.240343209 -0.29809097975
counter is 262
10 5 1.5 -1.5 1 -1 0.0683405020753 -0.0330321675348
counter is 263
10 5 1.5 -1.5 1 1 -0.169514154037 -0.0885528229613
counter is 264
10 5 1.5 -1 -1 -1 1.11455185241 -0.378177764554
counter is 265
10 5 1.5 -1 -1 1 -0.762005894883 -0.29724097975
counter is 266
10 5 1.5 -1 1 -1 0.0495236981675 -0.0363521675348
counter is 267
10 5 1.5 -1 1 1 -0.174149119833 -0.0894028229613
counter is 268
10 5 1.5 0 -1 -1 -0.320324035882 -0.137936709283
counter is 269
10 5 1.5 0 -1 1 -1.55870889231 -0.244959322382
counter is 270
10 5 1.5 0 1 -1 0.117271453668 0.00503177173027
counter is 271
10 5 1.5 0 1 1 -0.0653186153262 -0.0693828229613
counter is 272
10 5 1.5 1 -1 -1 0.0600306305189 -0.0848821675348
counter is 273
10 5 1.5 1 -1 1 -1.10324180198 -0.168452822961
counter is 274
10 5 1.5 1 1 -1 -0.242637986058 -0.275278524076
counter is 275
10 5 1.5 1 1 1 -0.0482121342249 -0.251949737551
counter is 276
10 5 1.5 1.5 -1 -1 -0.0107768500314 -0.0845421675348
counter is 277
10 5 1.5 1.5 -1 1 -0.162270567127 -0.0874028229613
counter is 278
10 5 1.5 1.5 1 -1 -0.244719685241 -0.273518241542
counter is 279
10 5 1.5 1.5 1 1 -0.863561927692 -0.238129575196
counter is 280
10 10 -1.5 -1.5 -1 -1 1.06411522352 0.044526607969
counter is 281
10 10 -1.5 -1.5 -1 1 -0.511626323069 -0.145482114952
counter is 282
10 10 -1.5 -1.5 1 -1 -0.429480063057 -0.141582167535
counter is 283
10 10 -1.5 -1.5 1 1 -0.309796122962 -0.106752822961
counter is 284
10 10 -1.5 -1 -1 -1 -0.728017770375 -0.232374962627
counter is 285
10 10 -1.5 -1 -1 1 -0.588803738736 -0.232004962627
counter is 286
10 10 -1.5 -1 1 -1 0.137155610073 -0.0384621675348
counter is 287
10 10 -1.5 -1 1 1 -1.07963071603 -0.115342822961
counter is 288
10 10 -1.5 0 -1 -1 -0.419205718644 -0.175234962627
counter is 289
10 10 -1.5 0 -1 1 -0.56810673218 -0.215419093703
counter is 290
10 10 -1.5 0 1 -1 -1.47496952086 -0.3391796453
counter is 291
10 10 -1.5 0 1 1 -1.31080535171 -0.113542822961
counter is 292
10 10 -1.5 1 -1 -1 -0.376821992877 -0.128952167535
counter is 293
10 10 -1.5 1 -1 1 -0.564931393623 -0.204902822961
counter is 294
10 10 -1.5 1 1 -1 -0.728548558096 -0.429855714185
counter is 295
10 10 -1.5 1 1 1 -0.792512337182 -0.208962436123
counter is 296
10 10 -1.5 1.5 -1 -1 -0.375820844258 -0.128772167535
counter is 297
10 10 -1.5 1.5 -1 1 -0.566228265558 -0.205372822961
counter is 298
10 10 -1.5 1.5 1 -1 -0.978897624904 -0.513550128016
counter is 299
10 10 -1.5 1.5 1 1 -0.153592339705 -0.0155459727324
counter is 300
10 10 -1.3 -1.5 -1 -1 0.31914873811 0.034976607969
counter is 301
10 10 -1.3 -1.5 -1 1 -0.398193476026 -0.0935121149519
counter is 302
10 10 -1.3 -1.5 1 -1 -0.070992730439 -0.0409521675348
counter is 303
10 10 -1.3 -1.5 1 1 -0.300439600296 -0.113902822961
counter is 304
10 10 -1.3 -1 -1 -1 -0.393881468018 -0.168113374519
counter is 305
10 10 -1.3 -1 -1 1 -0.425752312536 -0.192674962627
counter is 306
10 10 -1.3 -1 1 -1 0.189084361141 -0.0159921675348
counter is 307
10 10 -1.3 -1 1 1 -0.51623833873 -0.109852822961
counter is 308
10 10 -1.3 0 -1 -1 -0.0851359278582 -0.0655284826325
counter is 309
10 10 -1.3 0 -1 1 -0.398579182827 -0.173519093703
counter is 310
10 10 -1.3 0 1 -1 -0.904357043329 -0.0950621675348
counter is 311
10 10 -1.3 0 1 1 -0.772252858101 -0.110622822961
counter is 312
10 10 -1.3 1 -1 -1 -0.0708896723323 -0.0407021675348
counter is 313
10 10 -1.3 1 -1 1 -0.39156579013 -0.162232822961
counter is 314
10 10 -1.3 1 1 -1 -0.241482947961 -0.363462685517
counter is 315
10 10 -1.3 1 1 1 -0.00541832616714 -0.229766303978
counter is 316
10 10 -1.3 1.5 -1 -1 -0.0637652487652 -0.0382221675348
counter is 317
10 10 -1.3 1.5 -1 1 -0.386555000828 -0.160552822961
counter is 318
10 10 -1.3 1.5 1 -1 -0.53485690346 -0.365942685517
counter is 319
10 10 -1.3 1.5 1 1 -0.153592339705 -0.0155459727324
counter is 320
10 10 -1.0 -1.5 -1 -1 -1.14460684319 0.024606607969
counter is 321
10 10 -1.0 -1.5 -1 1 -0.645529108447 -0.128172114952
counter is 322
10 10 -1.0 -1.5 1 -1 -0.265715040729 -0.125789093703
counter is 323
10 10 -1.0 -1.5 1 1 -0.175270680555 -0.0994784826325
counter is 324
10 10 -1.0 -1 -1 -1 -0.607810386377 -0.153043374519
counter is 325
10 10 -1.0 -1 -1 1 -0.472457482681 -0.199624962627
counter is 326
10 10 -1.0 -1 1 -1 -0.270786379992 -0.126269093703
counter is 327
10 10 -1.0 -1 1 1 -0.339900245085 -0.123138482633
counter is 328
10 10 -1.0 0 -1 -1 -0.376267575859 -0.157309093703
counter is 329
10 10 -1.0 0 -1 1 -0.426922878038 -0.175258482633
counter is 330
10 10 -1.0 0 1 -1 0.0526540271216 -0.0556801856932
counter is 331
10 10 -1.0 0 1 1 -0.737477786037 -0.0946470492268
counter is 332
10 10 -1.0 1 -1 -1 -0.498609530848 -0.198519093703
counter is 333
10 10 -1.0 1 -1 1 -0.446889517384 -0.182128482633
counter is 334
10 10 -1.0 1 1 -1 0.778714825354 -0.197736697616
counter is 335
10 10 -1.0 1 1 1 -0.407612092103 -0.361007294652
counter is 336
10 10 -1.0 1.5 -1 -1 -0.393749454012 -0.165449093703
counter is 337
10 10 -1.0 1.5 -1 1 -0.441675912752 -0.180598482633
counter is 338
10 10 -1.0 1.5 1 -1 0.283887382201 -0.230806697616
counter is 339
10 10 -1.0 1.5 1 1 -0.622754250447 -0.231542484592
counter is 340
10 10 0 -1.5 -1 -1 -1.55013080232 0.026696607969
counter is 341
10 10 0 -1.5 -1 1 -0.897133326464 -0.108152114952
counter is 342
10 10 0 -1.5 1 -1 0.172800776564 -0.00586216753481
counter is 343
10 10 0 -1.5 1 1 -0.3710617426 -0.127492822961
counter is 344
10 10 0 -1 -1 -1 -1.18151303287 -0.153973374519
counter is 345
10 10 0 -1 -1 1 -0.626325262862 -0.174744962627
counter is 346
10 10 0 -1 1 -1 0.188977520745 -0.00332216753481
counter is 347
10 10 0 -1 1 1 -0.541036690311 -0.156012822961
counter is 348
10 10 0 0 -1 -1 -0.810598487557 -0.134808482633
counter is 349
10 10 0 0 -1 1 -0.747700351398 -0.227970029334
counter is 350
10 10 0 0 1 -1 0.226154441983 0.00102783246519
counter is 351
10 10 0 0 1 1 0.368641516198 -0.0868328229613
counter is 352
10 10 0 1 -1 -1 -0.816996775592 -0.188332167535
counter is 353
10 10 0 1 -1 1 -0.672104637225 -0.201742822961
counter is 354
10 10 0 1 1 -1 1.31655681685 -0.135460049237
counter is 355
10 10 0 1 1 1 0.826255939863 -0.160536399098
counter is 356
10 10 0 1.5 -1 -1 -0.174466351395 -0.0751821675348
counter is 357
10 10 0 1.5 -1 1 -0.613984438823 -0.188962822961
counter is 358
10 10 0 1.5 1 -1 0.327229746907 -0.248610049237
counter is 359
10 10 0 1.5 1 1 -0.334688158789 -0.182746751194
counter is 360
10 10 1.0 -1.5 -1 -1 -1.8169144642 -0.298074168542
counter is 361
10 10 1.0 -1.5 -1 1 -0.833488959879 -0.177226929843
counter is 362
10 10 1.0 -1.5 1 -1 0.622359078175 0.151367832465
counter is 363
10 10 1.0 -1.5 1 1 -0.0393496710435 -0.0455428229613
counter is 364
10 10 1.0 -1 -1 -1 -1.01638734885 -0.288038663121
counter is 365
10 10 1.0 -1 -1 1 0.412092969649 -0.187272667139
counter is 366
10 10 1.0 -1 1 -1 0.628426547598 0.152467832465
counter is 367
10 10 1.0 -1 1 1 -0.127050323003 -0.0723628229613
counter is 368
10 10 1.0 0 -1 -1 -0.965656844933 -0.130708482633
counter is 369
10 10 1.0 0 -1 1 -0.688998201463 -0.214448413024
counter is 370
10 10 1.0 0 1 -1 0.64720756348 0.157697832465
counter is 371
10 10 1.0 0 1 1 0.0353473135768 -0.0237228229613
counter is 372
10 10 1.0 1 -1 -1 -0.21294941523 -0.0866221675348
counter is 373
10 10 1.0 1 -1 1 -0.0187771473992 -0.0424128229613
counter is 374
10 10 1.0 1 1 -1 0.380654539479 -0.0784811546726
counter is 375
10 10 1.0 1 1 1 -0.6976086478 -0.299327557505
counter is 376
10 10 1.0 1.5 -1 -1 0.76108289415 0.123227832465
counter is 377
10 10 1.0 1.5 -1 1 -0.0439419402253 -0.0470128229613
counter is 378
10 10 1.0 1.5 1 -1 -0.346258013048 -0.286250049237
counter is 379
10 10 1.0 1.5 1 1 -0.676719961562 -0.244503360777
counter is 380
10 10 1.3 -1.5 -1 -1 -1.19227910949 -0.296924168542
counter is 381
10 10 1.3 -1.5 -1 1 -1.28014950242 -0.177922389037
counter is 382
10 10 1.3 -1.5 1 -1 0.653096474853 0.159367832465
counter is 383
10 10 1.3 -1.5 1 1 0.166876467599 0.0103471770387
counter is 384
10 10 1.3 -1 -1 -1 -0.358418643559 -0.225399860912
counter is 385
10 10 1.3 -1 -1 1 0.465172313885 -0.152362389037
counter is 386
10 10 1.3 -1 1 -1 0.650979672423 0.158307832465
counter is 387
10 10 1.3 -1 1 1 0.0797698882784 -0.0152128229613
counter is 388
10 10 1.3 0 -1 -1 -0.376753636826 -0.138306709283
counter is 389
10 10 1.3 0 -1 1 -0.563597074566 -0.0570342974479
counter is 390
10 10 1.3 0 1 -1 0.655570325731 0.159257832465
counter is 391
10 10 1.3 0 1 1 0.234556968847 0.0281871770387
counter is 392
10 10 1.3 1 -1 -1 0.475322707985 -0.0763521675348
counter is 393
10 10 1.3 1 -1 1 -0.209219176736 -0.0961328229613
counter is 394
10 10 1.3 1 1 -1 0.363941242107 -0.0796011546726
counter is 395
10 10 1.3 1 1 1 0.0117294712556 -0.199475307136
counter is 396
10 10 1.3 1.5 -1 -1 0.86252929169 0.109227832465
counter is 397
10 10 1.3 1.5 -1 1 0.226308345599 0.0239671770387
counter is 398
10 10 1.3 1.5 1 -1 -0.268146354168 -0.263100049237
counter is 399
10 10 1.3 1.5 1 1 -1.55190028391 -0.249601409604
counter is 400
10 10 1.5 -1.5 -1 -1 -7.77818916255 0.025708442623
counter is 401
10 10 1.5 -1.5 -1 1 -1.46148794813 -0.262832716302
counter is 402
10 10 1.5 -1.5 1 -1 -0.327962015606 -0.120882167535
counter is 403
10 10 1.5 -1.5 1 1 -0.652162997171 -0.225642822961
counter is 404
10 10 1.5 -1 -1 -1 0.180817813436 -0.290975254755
counter is 405
10 10 1.5 -1 -1 1 -0.241294126462 -0.259072716302
counter is 406
10 10 1.5 -1 1 -1 -0.335914047779 -0.123232167535
counter is 407
10 10 1.5 -1 1 1 -0.665741403432 -0.229402822961
counter is 408
10 10 1.5 0 -1 -1 -0.859316774754 -0.141186709283
counter is 409
10 10 1.5 0 -1 1 -0.81520243172 -0.0572042974479
counter is 410
10 10 1.5 0 1 -1 -0.317780292795 -0.117832167535
counter is 411
10 10 1.5 0 1 1 -0.588122829642 -0.206942822961
counter is 412
10 10 1.5 1 -1 -1 0.260669713168 -0.0810121675348
counter is 413
10 10 1.5 1 -1 1 -1.3325646268 -0.220842822961
counter is 414
10 10 1.5 1 1 -1 -0.645844850582 -0.354911154673
counter is 415
10 10 1.5 1 1 1 -0.533522162555 -0.310065307136
counter is 416
10 10 1.5 1.5 -1 -1 0.302266733622 -0.0751921675348
counter is 417
10 10 1.5 1.5 -1 1 -0.640159474982 -0.217962822961
counter is 418
10 10 1.5 1.5 1 -1 -0.675737522903 -0.358650049237
counter is 419
10 10 1.5 1.5 1 1 -1.21421694549 -0.258435339646
counter is 420
10 20 -1.5 -1.5 -1 -1 0.726723606894 0.0948905387256
counter is 421
10 20 -1.5 -1.5 -1 1 -0.263817315968 -0.130762114952
counter is 422
10 20 -1.5 -1.5 1 -1 -0.345080256962 -0.189372167535
counter is 423
10 20 -1.5 -1.5 1 1 -0.640650470911 -0.120602822961
counter is 424
10 20 -1.5 -1 -1 -1 -0.60457550385 -0.282294962627
counter is 425
10 20 -1.5 -1 -1 1 -0.37447829474 -0.223934962627
counter is 426
10 20 -1.5 -1 1 -1 0.0157309001948 -0.0376321675348
counter is 427
10 20 -1.5 -1 1 1 -1.18974761094 -0.122542822961
counter is 428
10 20 -1.5 0 -1 -1 -0.362352065254 -0.214224962627
counter is 429
10 20 -1.5 0 -1 1 -0.348961276361 -0.205319093703
counter is 430
10 20 -1.5 0 1 -1 -1.79802071464 -0.319550011339
counter is 431
10 20 -1.5 0 1 1 -1.80911022109 -0.122772822961
counter is 432
10 20 -1.5 1 -1 -1 -0.31137448339 -0.171892167535
counter is 433
10 20 -1.5 1 -1 1 -0.353314891771 -0.205192822961
counter is 434
10 20 -1.5 1 1 -1 -1.35650691001 -0.321313403783
counter is 435
10 20 -1.5 1 1 1 -0.514568523718 -0.275926694771
counter is 436
10 20 -1.5 1.5 -1 -1 -0.316436957363 -0.175222167535
counter is 437
10 20 -1.5 1.5 -1 1 -0.351820333394 -0.204272822961
counter is 438
10 20 -1.5 1.5 1 -1 -1.36499533407 -0.370800805374
counter is 439
10 20 -1.5 1.5 1 1 -0.197098612641 0.0478796333188
counter is 440
10 20 -1.3 -1.5 -1 -1 0.135021433988 0.0850505387256
counter is 441
10 20 -1.3 -1.5 -1 1 -0.0379424573612 -0.00710211495193
counter is 442
10 20 -1.3 -1.5 1 -1 -0.159369230551 -0.102932167535
counter is 443
10 20 -1.3 -1.5 1 1 -0.383231883963 -0.148122822961
counter is 444
10 20 -1.3 -1 -1 -1 -0.213585631449 -0.126683374519
counter is 445
10 20 -1.3 -1 -1 1 -0.195125616458 -0.131944962627
counter is 446
10 20 -1.3 -1 1 -1 -0.347889208765 -0.120992167535
counter is 447
10 20 -1.3 -1 1 1 -0.769740449671 -0.118392822961
counter is 448
10 20 -1.3 0 -1 -1 -0.175146125702 -0.118108482633
counter is 449
10 20 -1.3 0 -1 1 -0.171321047695 -0.113839093703
counter is 450
10 20 -1.3 0 1 -1 -1.25084303218 -0.106052167535
counter is 451
10 20 -1.3 0 1 1 -1.18758701354 -0.118112822961
counter is 452
10 20 -1.3 1 -1 -1 -0.147575190035 -0.0957221675348
counter is 453
10 20 -1.3 1 -1 1 -0.16926774237 -0.110562822961
counter is 454
10 20 -1.3 1 1 -1 -1.0742548865 -0.318450049237
counter is 455
10 20 -1.3 1 1 1 0.0780500929352 -0.149324526657
counter is 456
10 20 -1.3 1.5 -1 -1 -0.151075362481 -0.0984621675348
counter is 457
10 20 -1.3 1.5 -1 1 -0.165668472709 -0.108132822961
counter is 458
10 20 -1.3 1.5 1 -1 -0.949500534297 -0.315710049237
counter is 459
10 20 -1.3 1.5 1 1 -0.197098612641 0.0478796333188
counter is 460
10 20 -1.0 -1.5 -1 -1 -0.692768634126 0.0758705387256
counter is 461
10 20 -1.0 -1.5 -1 1 0.187344554341 0.0437578850481
counter is 462
10 20 -1.0 -1.5 1 -1 -0.313273872269 -0.180639093703
counter is 463
10 20 -1.0 -1.5 1 1 -0.282339198243 -0.136278482633
counter is 464
10 20 -1.0 -1 -1 -1 -0.583882887958 -0.156313374519
counter is 465
10 20 -1.0 -1 -1 1 -0.0592230160872 -0.0500449626269
counter is 466
10 20 -1.0 -1 1 -1 -0.319811739323 -0.178249093703
counter is 467
10 20 -1.0 -1 1 1 -0.71210438636 -0.137588482633
counter is 468
10 20 -1.0 0 -1 -1 -0.299976851208 -0.162879093703
counter is 469
10 20 -1.0 0 -1 1 -0.0422219776403 -0.0335984826325
counter is 470
10 20 -1.0 0 1 -1 -0.45630766212 -0.105360185693
counter is 471
10 20 -1.0 0 1 1 -0.910878864715 -0.101177049227
counter is 472
10 20 -1.0 1 -1 -1 -0.226953902098 -0.132399093703
counter is 473
10 20 -1.0 1 -1 1 -0.0600987561609 -0.0429684826325
counter is 474
10 20 -1.0 1 1 -1 -1.17709644121 -0.268041071956
counter is 475
10 20 -1.0 1 1 1 -0.836197607092 -0.276620497943
counter is 476
10 20 -1.0 1.5 -1 -1 -0.184007752585 -0.109729093703
counter is 477
10 20 -1.0 1.5 -1 1 -0.0641731331988 -0.0451684826325
counter is 478
10 20 -1.0 1.5 1 -1 -1.62970673035 -0.290711071956
counter is 479
10 20 -1.0 1.5 1 1 -0.697892370307 -0.159346686796
counter is 480
10 20 0 -1.5 -1 -1 -0.929377243687 0.0790705387256
counter is 481
10 20 0 -1.5 -1 1 -0.599707586801 -0.0912321149519
counter is 482
10 20 0 -1.5 1 -1 0.355214090156 0.118867832465
counter is 483
10 20 0 -1.5 1 1 0.327322439653 0.0744871770387
counter is 484
10 20 0 -1 -1 -1 -0.880108631309 -0.153493374519
counter is 485
10 20 0 -1 -1 1 -0.299137162579 -0.138764962627
counter is 486
10 20 0 -1 1 -1 0.366256212656 0.121637832465
counter is 487
10 20 0 -1 1 1 0.208898176893 0.0269071770387
counter is 488
10 20 0 0 -1 -1 -0.633155880375 -0.136128482633
counter is 489
10 20 0 0 -1 1 0.144069159394 0.0122899706659
counter is 490
10 20 0 0 1 -1 0.403786973842 0.127787832465
counter is 491
10 20 0 0 1 1 -0.331645263926 -0.108192822961
counter is 492
10 20 0 1 -1 -1 0.353234206885 0.0877078324652
counter is 493
10 20 0 1 -1 1 0.143091719849 0.0287471770387
counter is 494
10 20 0 1 1 -1 -0.228760201435 -0.175136506999
counter is 495
10 20 0 1 1 1 -0.265753512747 -0.124689370773
counter is 496
10 20 0 1.5 -1 -1 0.778410888429 0.235537832465
counter is 497
10 20 0 1.5 -1 1 0.147838118393 0.0317471770387
counter is 498
10 20 0 1.5 1 -1 -1.43006627607 -0.322966506999
counter is 499
10 20 0 1.5 1 1 -0.88616242312 -0.136738539437
counter is 500
10 20 1.0 -1.5 -1 -1 -1.62714269011 -0.332037942319
counter is 501
10 20 1.0 -1.5 -1 1 -0.178813530548 0.0361109845231
counter is 502
10 20 1.0 -1.5 1 -1 0.043203041639 0.0205078324652
counter is 503
10 20 1.0 -1.5 1 1 -0.0652397813635 -0.0408028229613
counter is 504
10 20 1.0 -1 -1 -1 0.373389602506 -0.0717474273921
counter is 505
10 20 1.0 -1 -1 1 1.17595568377 -0.0854133745194
counter is 506
10 20 1.0 -1 1 -1 0.0301555951818 0.0137778324652
counter is 507
10 20 1.0 -1 1 1 -0.186639528767 -0.102362822961
counter is 508
10 20 1.0 0 -1 -1 -0.525595220108 -0.126798482633
counter is 509
10 20 1.0 0 -1 1 -0.334003309896 -0.128430029334
counter is 510
10 20 1.0 0 1 -1 0.048023063022 0.0229178324652
counter is 511
10 20 1.0 0 1 1 -0.0619552135595 -0.0390428229613
counter is 512
10 20 1.0 1 -1 -1 0.400138185467 -0.0612321675348
counter is 513
10 20 1.0 1 -1 1 -0.0475209814097 -0.0331428229613
counter is 514
10 20 1.0 1 1 -1 -0.15725765233 -0.123641785198
counter is 515
10 20 1.0 1 1 1 -0.551531813837 -0.196612824333
counter is 516
10 20 1.0 1.5 -1 -1 0.767420555855 0.263207832465
counter is 517
10 20 1.0 1.5 -1 1 -0.0557944381446 -0.0359328229613
counter is 518
10 20 1.0 1.5 1 -1 -1.52113690181 -0.446176506999
counter is 519
10 20 1.0 1.5 1 1 -1.0592142014 -0.182782334925
counter is 520
10 20 1.3 -1.5 -1 -1 -0.954294005738 -0.330767942319
counter is 521
10 20 1.3 -1.5 -1 1 -0.89541918309 -0.0571865023522
counter is 522
10 20 1.3 -1.5 1 -1 -0.0588978640778 -0.0315821675348
counter is 523
10 20 1.3 -1.5 1 1 -0.209728736744 -0.117162822961
counter is 524
10 20 1.3 -1 -1 -1 0.594867276372 -0.213704070362
counter is 525
10 20 1.3 -1 -1 1 1.35618406466 0.00252349764778
counter is 526
10 20 1.3 -1 1 -1 -0.0733839914817 -0.0390121675348
counter is 527
10 20 1.3 -1 1 1 -0.329405610589 -0.176872822961
counter is 528
10 20 1.3 0 -1 -1 -0.11380284565 -0.134836709283
counter is 529
10 20 1.3 0 -1 1 -0.783916839614 -0.12451564095
counter is 530
10 20 1.3 0 1 -1 -0.0656680391648 -0.0350521675348
counter is 531
10 20 1.3 0 1 1 -0.143544048087 -0.0824728229613
counter is 532
10 20 1.3 1 -1 -1 0.492144759589 -0.0679821675348
counter is 533
10 20 1.3 1 -1 1 -0.353255400071 -0.133122822961
counter is 534
10 20 1.3 1 1 -1 -0.247849718052 -0.167711785198
counter is 535
10 20 1.3 1 1 1 -0.308550591721 -0.183847236487
counter is 536
10 20 1.3 1.5 -1 -1 0.889391064089 0.286427832465
counter is 537
10 20 1.3 1.5 -1 1 -0.175661978103 -0.0976728229613
counter is 538
10 20 1.3 1.5 1 -1 -1.41304219145 -0.520216506999
counter is 539
10 20 1.3 1.5 1 1 -1.36606390216 -0.151553366801
counter is 540
10 20 1.5 -1.5 -1 -1 -3.00000398551 0.000216147540983
counter is 541
10 20 1.5 -1.5 -1 1 -1.09594186471 -0.228289860912
counter is 542
10 20 1.5 -1.5 1 -1 -0.793040678692 -0.403162167535
counter is 543
10 20 1.5 -1.5 1 1 -0.874843894242 -0.449772822961
counter is 544
10 20 1.5 -1 -1 -1 0.642924737981 -0.282543834454
counter is 545
10 20 1.5 -1 -1 1 0.629380998487 -0.219569860912
counter is 546
10 20 1.5 -1 1 -1 -0.804062460991 -0.408422167535
counter is 547
10 20 1.5 -1 1 1 -0.895034119876 -0.458492822961
counter is 548
10 20 1.5 0 -1 -1 0.216412052172 -0.132456709283
counter is 549
10 20 1.5 0 -1 1 -1.01674560938 -0.12004564095
counter is 550
10 20 1.5 0 1 -1 -0.805739182393 -0.408822167535
counter is 551
10 20 1.5 0 1 1 -0.806581577048 -0.418432822961
counter is 552
10 20 1.5 1 -1 -1 0.649343307936 -0.0677721675348
counter is 553
10 20 1.5 1 -1 1 -1.15081289983 -0.250462822961
counter is 554
10 20 1.5 1 1 -1 -1.01240269007 -0.539311785198
counter is 555
10 20 1.5 1 1 1 -0.77808694583 -0.397997236487
counter is 556
10 20 1.5 1.5 -1 -1 0.741377491664 -0.0472921675348
counter is 557
10 20 1.5 1.5 -1 1 -0.875843779155 -0.437022822961
counter is 558
10 20 1.5 1.5 1 -1 -1.08427675855 -0.557886506999
counter is 559
10 20 1.5 1.5 1 1 -1.05622953008 -0.191450545144
counter is 560
10 50 -1.5 -1.5 -1 -1 0.487823348258 0.0964605387256
counter is 561
10 50 -1.5 -1.5 -1 1 0.150290189191 0.114967885048
counter is 562
10 50 -1.5 -1.5 1 -1 0.135610693479 0.123377832465
counter is 563
10 50 -1.5 -1.5 1 1 -0.437090682043 -0.120292822961
counter is 564
10 50 -1.5 -1 -1 -1 0.184655789946 0.147115037373
counter is 565
10 50 -1.5 -1 -1 1 0.0432261971739 0.0418850373731
counter is 566
10 50 -1.5 -1 1 -1 -0.441825216075 -0.152722167535
counter is 567
10 50 -1.5 -1 1 1 -1.16798548387 -0.142322822961
counter is 568
10 50 -1.5 0 -1 -1 0.11026793965 0.107785037373
counter is 569
10 50 -1.5 0 -1 1 0.0535619951512 0.0486609062969
counter is 570
10 50 -1.5 0 1 -1 -1.0045925125 -0.10814784593
counter is 571
10 50 -1.5 0 1 1 -1.37998677786 -0.130712822961
counter is 572
10 50 -1.5 1 -1 -1 0.157905292486 0.145827832465
counter is 573
10 50 -1.5 1 -1 1 0.0467033698915 0.0376571770387
counter is 574
10 50 -1.5 1 1 -1 -1.09218113574 -0.336161499877
counter is 575
10 50 -1.5 1 1 1 0.0219411930475 -0.332461633059
counter is 576
10 50 -1.5 1.5 -1 -1 0.149622227656 0.138127832465
counter is 577
10 50 -1.5 1.5 -1 1 0.0484448421028 0.0394671770387
counter is 578
10 50 -1.5 1.5 1 -1 -0.996742464676 -0.384039147499
counter is 579
10 50 -1.5 1.5 1 1 0.792824255445 -0.145425172757
counter is 580
10 50 -1.3 -1.5 -1 -1 0.373656490483 0.0910905387256
counter is 581
10 50 -1.3 -1.5 -1 1 0.109215606651 0.0772178850481
counter is 582
10 50 -1.3 -1.5 1 -1 0.373115390257 0.408217832465
counter is 583
10 50 -1.3 -1.5 1 1 0.326267385669 0.164567177039
counter is 584
10 50 -1.3 -1 -1 -1 0.494395298493 0.399576625481
counter is 585
10 50 -1.3 -1 -1 1 0.263285710289 0.287735037373
counter is 586
10 50 -1.3 -1 1 -1 -0.291239395117 -0.130062167535
counter is 587
10 50 -1.3 -1 1 1 -0.908079228184 -0.141062822961
counter is 588
10 50 -1.3 0 -1 -1 0.372344265184 0.414471517367
counter is 589
10 50 -1.3 0 -1 1 0.266801099436 0.290450906297
counter is 590
10 50 -1.3 0 1 -1 -1.10026130036 -0.121442167535
counter is 591
10 50 -1.3 0 1 1 -0.99604478396 -0.125392822961
counter is 592
10 50 -1.3 1 -1 -1 0.391035070807 0.430987832465
counter is 593
10 50 -1.3 1 -1 1 0.264062546948 0.285127177039
counter is 594
10 50 -1.3 1 1 -1 -0.936083679904 -0.0675775613702
counter is 595
10 50 -1.3 1 1 1 0.37815369224 0.0536432789408
counter is 596
10 50 -1.3 1.5 -1 -1 0.38335166878 0.424207832465
counter is 597
10 50 -1.3 1.5 -1 1 0.26542093682 0.286577177039
counter is 598
10 50 -1.3 1.5 1 -1 -0.76161194869 -0.0607975613702
counter is 599
10 50 -1.3 1.5 1 1 0.792824255445 -0.145425172757
counter is 600
10 50 -1.0 -1.5 -1 -1 0.220034317268 0.0877505387256
counter is 601
10 50 -1.0 -1.5 -1 1 -0.0124738828085 0.00404788504807
counter is 602
10 50 -1.0 -1.5 1 -1 0.296145070331 0.308810906297
counter is 603
10 50 -1.0 -1.5 1 1 0.387675752493 0.278601517367
counter is 604
10 50 -1.0 -1 -1 -1 -0.0519160499531 -0.119813374519
counter is 605
10 50 -1.0 -1 -1 1 0.335367391076 0.338205037373
counter is 606
10 50 -1.0 -1 1 -1 0.288410271406 0.286580906297
counter is 607
10 50 -1.0 -1 1 1 -0.640914182133 -0.150668482633
counter is 608
10 50 -1.0 0 -1 -1 0.290817180691 0.263470906297
counter is 609
10 50 -1.0 0 -1 1 0.336389718266 0.344781517367
counter is 610
10 50 -1.0 0 1 -1 -0.0146554162092 -0.0303801856932
counter is 611
10 50 -1.0 0 1 1 -0.635866423003 -0.104387049227
counter is 612
10 50 -1.0 1 -1 -1 0.313122361886 0.311400906297
counter is 613
10 50 -1.0 1 -1 1 0.32093442406 0.334651517367
counter is 614
10 50 -1.0 1 1 -1 -0.233977066723 -0.0783101856932
counter is 615
10 50 -1.0 1 1 1 -0.61927823477 -0.055989209817
counter is 616
10 50 -1.0 1.5 -1 -1 0.319073809702 0.324380906297
counter is 617
10 50 -1.0 1.5 -1 1 0.313501980562 0.327721517367
counter is 618
10 50 -1.0 1.5 1 -1 -0.349941924308 -0.0912901856932
counter is 619
10 50 -1.0 1.5 1 1 0.411722062183 -0.165222074955
counter is 620
10 50 0 -1.5 -1 -1 -0.482665664335 0.0797105387256
counter is 621
10 50 0 -1.5 -1 1 -0.151070707884 -0.0398321149519
counter is 622
10 50 0 -1.5 1 -1 0.00647422678148 0.00601783246519
counter is 623
10 50 0 -1.5 1 1 -0.0477220459812 -0.0347828229613
counter is 624
10 50 0 -1 -1 -1 0.154693533344 -0.133243374519
counter is 625
10 50 0 -1 -1 1 0.144698984422 -0.0166849626269
counter is 626
10 50 0 -1 1 -1 -0.0149062317911 -0.0108221675348
counter is 627
10 50 0 -1 1 1 -0.2289554821 -0.153042822961
counter is 628
10 50 0 0 -1 -1 -0.103529053131 -0.105268482633
counter is 629
10 50 0 0 -1 1 -0.0312660921099 -0.0243900293341
counter is 630
10 50 0 0 1 -1 -0.0235523892587 -0.0152921675348
counter is 631
10 50 0 0 1 1 -0.535205876321 -0.129382822961
counter is 632
10 50 0 1 -1 -1 -0.21147805594 -0.129652167535
counter is 633
10 50 0 1 -1 1 -0.026819909211 -0.0234828229613
counter is 634
10 50 0 1 1 -1 0.226622681365 0.0519098143068
counter is 635
10 50 0 1 1 1 -0.286191981889 -0.00752235322944
counter is 636
10 50 0 1.5 -1 -1 -0.022129409373 -0.0117921675348
counter is 637
10 50 0 1.5 -1 1 -0.0262383752083 -0.0240728229613
counter is 638
10 50 0 1.5 1 -1 -0.16270244 -0.0659501856932
counter is 639
10 50 0 1.5 1 1 -0.741852192898 -0.0149946978429
counter is 640
10 50 1.0 -1.5 -1 -1 -0.011438756681 -0.285970282948
counter is 641
10 50 1.0 -1.5 -1 1 0.34877274668 -0.0388321149519
counter is 642
10 50 1.0 -1.5 1 -1 -0.724255689563 -0.726752167535
counter is 643
10 50 1.0 -1.5 1 1 -0.724686941519 -0.762662822961
counter is 644
10 50 1.0 -1 -1 -1 0.110022449895 -0.134094962627
counter is 645
10 50 1.0 -1 -1 1 0.811969995911 -0.0565633745194
counter is 646
10 50 1.0 -1 1 -1 -0.735276931831 -0.733132167535
counter is 647
10 50 1.0 -1 1 1 -0.799377367864 -0.844392822961
counter is 648
10 50 1.0 0 -1 -1 0.145302150267 -0.104388482633
counter is 649
10 50 1.0 0 -1 1 -0.311425007169 -0.131150029334
counter is 650
10 50 1.0 0 1 -1 -0.751041775538 -0.743672167535
counter is 651
10 50 1.0 0 1 1 -0.818714678761 -0.749502822961
counter is 652
10 50 1.0 1 -1 -1 0.0384766766439 -0.0605221675348
counter is 653
10 50 1.0 1 -1 1 -0.731998442248 -0.719222822961
counter is 654
10 50 1.0 1 1 -1 -0.792615434362 -0.746442243475
counter is 655
10 50 1.0 1 1 1 -0.647634965891 -0.117122243475
counter is 656
10 50 1.0 1.5 -1 -1 -0.46970686862 -0.324162167535
counter is 657
10 50 1.0 1.5 -1 1 -0.716815346231 -0.750142822961
counter is 658
10 50 1.0 1.5 1 -1 -1.18710703269 -0.481090185693
counter is 659
10 50 1.0 1.5 1 1 -0.447242162813 -0.0158046978429
counter is 660
10 50 1.3 -1.5 -1 -1 0.220136497814 -0.286360282948
counter is 661
10 50 1.3 -1.5 -1 1 -0.378876594784 -0.0483721149519
counter is 662
10 50 1.3 -1.5 1 -1 -0.31057241994 -0.345102167535
counter is 663
10 50 1.3 -1.5 1 1 -0.393755796949 -0.422742822961
counter is 664
10 50 1.3 -1 -1 -1 0.120904522025 -0.169433672871
counter is 665
10 50 1.3 -1 -1 1 0.947799507065 0.0311978850481
counter is 666
10 50 1.3 -1 1 -1 -0.318598803604 -0.352872167535
counter is 667
10 50 1.3 -1 1 1 -0.492309941307 -0.502312822961
counter is 668
10 50 1.3 0 -1 -1 0.112521241287 -0.124786709283
counter is 669
10 50 1.3 0 -1 1 -0.449278738878 -0.146020029334
counter is 670
10 50 1.3 0 1 -1 -0.325335051569 -0.357202167535
counter is 671
10 50 1.3 0 1 1 -0.389848516035 -0.404252822961
counter is 672
10 50 1.3 1 -1 -1 0.0853913254472 -0.0669421675348
counter is 673
10 50 1.3 1 -1 1 -0.876049667995 -0.461852822961
counter is 674
10 50 1.3 1 1 -1 -0.334918643802 -0.358762243475
counter is 675
10 50 1.3 1 1 1 -0.083096586943 -0.0515170492268
counter is 676
10 50 1.3 1.5 -1 -1 0.0844758190052 0.0530078324652
counter is 677
10 50 1.3 1.5 -1 1 -0.381175871188 -0.398502822961
counter is 678
10 50 1.3 1.5 1 -1 -0.796817289895 -0.477000185693
counter is 679
10 50 1.3 1.5 1 1 -0.976400394465 -0.0399708124711
counter is 680
10 50 1.5 -1.5 -1 -1 -1.88329732847 0.032466352459
counter is 681
10 50 1.5 -1.5 -1 1 -0.612489409178 -0.253286075544
counter is 682
10 50 1.5 -1.5 1 -1 -0.419680328353 -0.435402167535
counter is 683
10 50 1.5 -1.5 1 1 -0.473156909623 -0.483062822961
counter is 684
10 50 1.5 -1 -1 -1 0.260305078286 -0.235455461148
counter is 685
10 50 1.5 -1 -1 1 0.22543584039 -0.244006075544
counter is 686
10 50 1.5 -1 1 -1 -0.42759751845 -0.442962167535
counter is 687
10 50 1.5 -1 1 1 -0.484282917824 -0.492342822961
counter is 688
10 50 1.5 0 -1 -1 -0.0233484643724 -0.130576709283
counter is 689
10 50 1.5 0 -1 1 -0.523168635131 -0.141560029334
counter is 690
10 50 1.5 0 1 -1 -0.430316369607 -0.442992167535
counter is 691
10 50 1.5 0 1 1 -0.462569800504 -0.468212822961
counter is 692
10 50 1.5 1 -1 -1 0.0302749847979 -0.0727421675348
counter is 693
10 50 1.5 1 -1 1 -0.509910149344 -0.198872822961
counter is 694
10 50 1.5 1 1 -1 -0.439519698062 -0.444542243475
counter is 695
10 50 1.5 1 1 1 -0.509695611428 -0.373997049227
counter is 696
10 50 1.5 1.5 -1 -1 -0.106818942974 -0.0735621675348
counter is 697
10 50 1.5 1.5 -1 1 -0.476258450118 -0.467932822961
counter is 698
10 50 1.5 1.5 1 -1 -0.450129132108 -0.442010185693
counter is 699
10 50 1.5 1.5 1 1 -0.627884143526 -0.0255052396922
counter is 700
10 100 -1.5 -1.5 -1 -1 -0.0131631552287 0.0823105387256
counter is 701
10 100 -1.5 -1.5 -1 1 -0.00684210433711 -0.304352114952
counter is 702
10 100 -1.5 -1.5 1 -1 -0.0748079098777 -0.487812167535
counter is 703
10 100 -1.5 -1.5 1 1 -0.734268968923 -0.196802822961
counter is 704
10 100 -1.5 -1 -1 -1 -0.200646635531 -0.330234962627
counter is 705
10 100 -1.5 -1 -1 1 -0.113463567928 -0.414244962627
counter is 706
10 100 -1.5 -1 1 -1 -0.647464633887 -0.300712167535
counter is 707
10 100 -1.5 -1 1 1 -1.05507215597 -0.182022822961
counter is 708
10 100 -1.5 0 -1 -1 -0.147342487701 -0.493084962627
counter is 709
10 100 -1.5 0 -1 1 -0.0810766630075 -0.420689093703
counter is 710
10 100 -1.5 0 1 -1 -0.899496115807 -0.137862167535
counter is 711
10 100 -1.5 0 1 1 -1.09260626263 -0.157192822961
counter is 712
10 100 -1.5 1 -1 -1 -0.0705085451024 -0.479812167535
counter is 713
10 100 -1.5 1 -1 1 -0.048468812468 -0.460972822961
counter is 714
10 100 -1.5 1 1 -1 -0.477620515915 -0.0908722434746
counter is 715
10 100 -1.5 1 1 1 0.33133327767 -0.231883285352
counter is 716
10 100 -1.5 1.5 -1 -1 -0.0642845556025 -0.489182167535
counter is 717
10 100 -1.5 1.5 -1 1 -0.0494857703134 -0.457142822961
counter is 718
10 100 -1.5 1.5 1 -1 -0.480388204579 -0.230665897869
counter is 719
10 100 -1.5 1.5 1 1 0.67679128466 -0.144738555064
counter is 720
10 100 -1.3 -1.5 -1 -1 0.158027628537 0.0886105387256
counter is 721
10 100 -1.3 -1.5 -1 1 -0.0017125918888 -0.0699821149519
counter is 722
10 100 -1.3 -1.5 1 -1 0.215579741074 0.0768978324652
counter is 723
10 100 -1.3 -1.5 1 1 0.0686932195226 0.0572171770387
counter is 724
10 100 -1.3 -1 -1 -1 0.197651253876 0.239946625481
counter is 725
10 100 -1.3 -1 -1 1 0.163681346996 0.0781850373731
counter is 726
10 100 -1.3 -1 1 -1 -0.419923809176 -0.304232167535
counter is 727
10 100 -1.3 -1 1 1 -0.918456894086 -0.186062822961
counter is 728
10 100 -1.3 0 -1 -1 0.190054669022 0.100901517367
counter is 729
10 100 -1.3 0 -1 1 0.183260281586 0.0623809062969
counter is 730
10 100 -1.3 0 1 -1 -0.853427359232 -0.141672167535
counter is 731
10 100 -1.3 0 1 1 -1.00437199247 -0.151872822961
counter is 732
10 100 -1.3 1 -1 -1 0.221550413156 0.0887878324652
counter is 733
10 100 -1.3 1 -1 1 0.19230805429 0.0257171770387
counter is 734
10 100 -1.3 1 1 -1 -0.431081202289 -0.0867501856932
counter is 735
10 100 -1.3 1 1 1 0.631675279179 0.023912184785
counter is 736
10 100 -1.3 1.5 -1 -1 0.22446531218 0.0901978324652
counter is 737
10 100 -1.3 1.5 -1 1 0.193337521415 0.0312471770387
counter is 738
10 100 -1.3 1.5 1 -1 -0.554165492721 -0.0881601856932
counter is 739
10 100 -1.3 1.5 1 1 0.67679128466 -0.144738555064
counter is 740
10 100 -1.0 -1.5 -1 -1 -0.48435726199 0.0676205387256
counter is 741
10 100 -1.0 -1.5 -1 1 -0.148483361075 -0.129362114952
counter is 742
10 100 -1.0 -1.5 1 -1 0.109035379118 -0.0890390937031
counter is 743
10 100 -1.0 -1.5 1 1 0.0321527774395 -0.00882848263254
counter is 744
10 100 -1.0 -1 -1 -1 -0.542357312494 -0.178363374519
counter is 745
10 100 -1.0 -1 -1 1 0.0999073710413 -0.0326949626269
counter is 746
10 100 -1.0 -1 1 -1 0.0945784941783 -0.0728490937031
counter is 747
10 100 -1.0 -1 1 1 -0.755960404166 -0.200608482633
counter is 748
10 100 -1.0 0 -1 -1 0.069170568061 -0.0532790937031
counter is 749
10 100 -1.0 0 -1 1 0.122467270681 -0.0465384826325
counter is 750
10 100 -1.0 0 1 -1 -0.30277572495 -0.131610185693
counter is 751
10 100 -1.0 0 1 1 -0.737166078757 -0.133907049227
counter is 752
10 100 -1.0 1 -1 -1 0.109072856026 -0.0587690937031
counter is 753
10 100 -1.0 1 -1 1 0.117781041295 -0.0883284826325
counter is 754
10 100 -1.0 1 1 -1 -0.409143201639 -0.126120185693
counter is 755
10 100 -1.0 1 1 1 -0.410886196145 -0.0921170492268
counter is 756
10 100 -1.0 1.5 -1 -1 0.15195849844 0.0206709062969
counter is 757
10 100 -1.0 1.5 -1 1 0.116929758339 -0.0935584826325
counter is 758
10 100 -1.0 1.5 1 -1 -0.870358692013 -0.205560185693
counter is 759
10 100 -1.0 1.5 1 1 0.581306573211 0.0463553215464
counter is 760
10 100 0 -1.5 -1 -1 -1.01300215746 0.0708905387256
counter is 761
10 100 0 -1.5 -1 1 -0.844893327021 -0.237232114952
counter is 762
10 100 0 -1.5 1 -1 -0.0475036247337 -0.174912167535
counter is 763
10 100 0 -1.5 1 1 0.0192835651908 -0.0337828229613
counter is 764
10 100 0 -1 -1 -1 -0.353527936017 -0.146523374519
counter is 765
10 100 0 -1 -1 1 -0.483258087803 -0.253964962627
counter is 766
10 100 0 -1 1 -1 -0.0596527129637 -0.187292167535
counter is 767
10 100 0 -1 1 1 -0.0635793345201 -0.112162822961
counter is 768
10 100 0 0 -1 -1 -0.0941914436414 -0.0922584826325
counter is 769
10 100 0 0 -1 1 -0.100443191144 -0.217900029334
counter is 770
10 100 0 0 1 -1 -0.0967212260734 -0.218042167535
counter is 771
10 100 0 0 1 1 -0.411808511449 -0.132272822961
counter is 772
10 100 0 1 -1 -1 -0.253198770675 -0.332392167535
counter is 773
10 100 0 1 -1 1 -0.0644576432729 -0.218722822961
counter is 774
10 100 0 1 1 -1 0.124867638311 0.0648998143068
counter is 775
10 100 0 1 1 1 -0.250218379796 -0.00868235322944
counter is 776
10 100 0 1.5 -1 -1 -0.0258266622137 -0.111372167535
counter is 777
10 100 0 1.5 -1 1 -0.0590419159706 -0.220282822961
counter is 778
10 100 0 1.5 1 -1 -0.459267320412 -0.156120185693
counter is 779
10 100 0 1.5 1 1 -0.67001012864 -0.0151846978429
counter is 780
10 100 1.0 -1.5 -1 -1 -0.0378501382933 -0.0460321149519
counter is 781
10 100 1.0 -1.5 -1 1 -0.285472346056 -0.0483221149519
counter is 782
10 100 1.0 -1.5 1 -1 -0.0703271296991 -0.470372167535
counter is 783
10 100 1.0 -1.5 1 1 -0.058774988367 -0.567302822961
counter is 784
10 100 1.0 -1 -1 -1 -0.222722847097 -0.138364962627
counter is 785
10 100 1.0 -1 -1 1 0.408172774689 -0.0547033745194
counter is 786
10 100 1.0 -1 1 -1 -0.0748629009065 -0.473152167535
counter is 787
10 100 1.0 -1 1 1 -0.076916607202 -0.660382822961
counter is 788
10 100 1.0 0 -1 -1 -0.018002186824 -0.103378482633
counter is 789
10 100 1.0 0 -1 1 -0.332125434308 -0.149650029334
counter is 790
10 100 1.0 0 1 -1 -0.0863923487867 -0.488972167535
counter is 791
10 100 1.0 0 1 1 -0.0641895242265 -0.545132822961
counter is 792
10 100 1.0 1 -1 -1 -0.0890641673071 -0.0609121675348
counter is 793
10 100 1.0 1 -1 1 -0.09698479276 -0.539892822961
counter is 794
10 100 1.0 1 1 -1 -0.106823103404 -0.490342243475
counter is 795
10 100 1.0 1 1 1 -0.444844133935 -0.110582243475
counter is 796
10 100 1.0 1.5 -1 -1 0.0518310016142 -0.0100521675348
counter is 797
10 100 1.0 1.5 -1 1 -0.0651085547217 -0.575792822961
counter is 798
10 100 1.0 1.5 1 -1 -0.758977035228 -0.539490185693
counter is 799
10 100 1.0 1.5 1 1 0.072320467774 -0.00428469784291
counter is 800
10 100 1.3 -1.5 -1 -1 -0.304025868622 -0.0471221149519
counter is 801
10 100 1.3 -1.5 -1 1 -0.697790246302 -0.0547321149519
counter is 802
10 100 1.3 -1.5 1 -1 0.104728480176 -0.0702421675348
counter is 803
10 100 1.3 -1.5 1 1 0.0864705852301 -0.127802822961
counter is 804
10 100 1.3 -1 -1 -1 -0.119735623253 -0.0439521149519
counter is 805
10 100 1.3 -1 -1 1 0.568605579914 0.0329078850481
counter is 806
10 100 1.3 -1 1 -1 0.101818394215 -0.0734121675348
counter is 807
10 100 1.3 -1 1 1 0.0378075005719 -0.215442822961
counter is 808
10 100 1.3 0 -1 -1 -0.108029762784 -0.127206709283
counter is 809
10 100 1.3 0 -1 1 -0.607426297793 -0.201980029334
counter is 810
10 100 1.3 0 1 -1 0.0958539904413 -0.0812921675348
counter is 811
10 100 1.3 0 1 1 0.115653488717 -0.0597128229613
counter is 812
10 100 1.3 1 -1 -1 -0.033147280377 -0.0624321675348
counter is 813
10 100 1.3 1 -1 1 -0.151260514945 -0.169572822961
counter is 814
10 100 1.3 1 1 -1 0.0915169323723 -0.0897822434746
counter is 815
10 100 1.3 1 1 1 -0.0244004000693 -0.0552170492268
counter is 816
10 100 1.3 1.5 -1 -1 0.397974616818 0.444737832465
counter is 817
10 100 1.3 1.5 -1 1 0.0817074917191 -0.120092822961
counter is 818
10 100 1.3 1.5 1 -1 -0.521120280063 -0.595240185693
counter is 819
10 100 1.3 1.5 1 1 -0.497335944588 -0.0298008124711
counter is 820
10 100 1.5 -1.5 -1 -1 -2.61520779063 0.213065286885
counter is 821
10 100 1.5 -1.5 -1 1 -0.829597760812 -0.0542921149519
counter is 822
10 100 1.5 -1.5 1 -1 -0.132986724613 -0.424242167535
counter is 823
10 100 1.5 -1.5 1 1 -0.10345134653 -0.381732822961
counter is 824
10 100 1.5 -1 -1 -1 0.145862906338 -0.097415286757
counter is 825
10 100 1.5 -1 -1 1 -0.119457360171 -0.0445321149519
counter is 826
10 100 1.5 -1 1 -1 -0.137315944316 -0.431382167535
counter is 827
10 100 1.5 -1 1 1 -0.109869741711 -0.391492822961
counter is 828
10 100 1.5 0 -1 -1 -0.0952000358298 -0.128636709283
counter is 829
10 100 1.5 0 -1 1 -0.94885048587 -0.208000029334
counter is 830
10 100 1.5 0 1 -1 -0.142076722409 -0.433962167535
counter is 831
10 100 1.5 0 1 1 -0.0604370614473 -0.307182822961
counter is 832
10 100 1.5 1 -1 -1 0.0878339319549 -0.0543321675348
counter is 833
10 100 1.5 1 -1 1 -0.176161772097 -0.110252822961
counter is 834
10 100 1.5 1 1 -1 -0.157265828535 -0.451982243475
counter is 835
10 100 1.5 1 1 1 -0.276414422352 -0.368027049227
counter is 836
10 100 1.5 1.5 -1 -1 0.0970425356449 -0.0279021675348
counter is 837
10 100 1.5 1.5 -1 1 -0.121590211537 -0.387732822961
counter is 838
10 100 1.5 1.5 1 -1 -0.186630899646 -0.476700185693
counter is 839
10 100 1.5 1.5 1 1 -0.196174864975 -0.0111152396922
counter is 840
10 250 -1.5 -1.5 -1 -1 -0.282372654273 0.0585305387256
counter is 841
10 250 -1.5 -1.5 -1 1 0.370231521322 -0.329312114952
counter is 842
10 250 -1.5 -1.5 1 -1 0.381289049482 -0.491392167535
counter is 843
10 250 -1.5 -1.5 1 1 -0.710607627871 -0.264102822961
counter is 844
10 250 -1.5 -1 -1 -1 0.138945285242 0.0233450373731
counter is 845
10 250 -1.5 -1 -1 1 0.285315982135 -0.468314962627
counter is 846
10 250 -1.5 -1 1 -1 -0.394751257204 -0.681652167535
counter is 847
10 250 -1.5 -1 1 1 -1.06858072393 -0.220212822961
counter is 848
10 250 -1.5 0 -1 -1 0.300590022409 -0.519904962627
counter is 849
10 250 -1.5 0 -1 1 0.350975693161 -0.502609093703
counter is 850
10 250 -1.5 0 1 -1 -0.747424449771 -0.138402167535
counter is 851
10 250 -1.5 0 1 1 -1.06948711858 -0.167532822961
counter is 852
10 250 -1.5 1 -1 -1 0.391926706875 -0.500482167535
counter is 853
10 250 -1.5 1 -1 1 -1.04150689697 -0.549682822961
counter is 854
10 250 -1.5 1 1 -1 -0.540138977559 -0.0975622434746
counter is 855
10 250 -1.5 1 1 1 0.0458190962085 0.018662184785
counter is 856
10 250 -1.5 1.5 -1 -1 -0.979846275395 -0.513082167535
counter is 857
10 250 -1.5 1.5 -1 1 -1.04115220265 -0.549442822961
counter is 858
10 250 -1.5 1.5 1 -1 -0.403160040708 -0.0832501856932
counter is 859
10 250 -1.5 1.5 1 1 0.0878015775854 -0.191887747619
counter is 860
10 250 -1.3 -1.5 -1 -1 0.0794789075155 0.0875105387256
counter is 861
10 250 -1.3 -1.5 -1 1 0.218062695636 0.0226578850481
counter is 862
10 250 -1.3 -1.5 1 -1 0.512277968678 0.331497832465
counter is 863
10 250 -1.3 -1.5 1 1 0.186483336843 0.137987177039
counter is 864
10 250 -1.3 -1 -1 -1 0.39956492172 0.687906625481
counter is 865
10 250 -1.3 -1 -1 1 0.417717608906 0.311255037373
counter is 866
10 250 -1.3 -1 1 -1 -0.148141223934 -0.498692167535
counter is 867
10 250 -1.3 -1 1 1 -0.93890550989 -0.245722822961
counter is 868
10 250 -1.3 0 -1 -1 0.456188914894 0.380231517367
counter is 869
10 250 -1.3 0 -1 1 0.457771075012 0.267490906297
counter is 870
10 250 -1.3 0 1 -1 -0.840036867235 -0.167502167535
counter is 871
10 250 -1.3 0 1 1 -1.1182572453 -0.183572822961
counter is 872
10 250 -1.3 1 -1 -1 0.505678708997 0.373527832465
counter is 873
10 250 -1.3 1 -1 1 0.489270996544 0.205167177039
counter is 874
10 250 -1.3 1 1 -1 -0.803380197612 -0.117990185693
counter is 875
10 250 -1.3 1 1 1 -0.0303068755156 0.017872184785
counter is 876
10 250 -1.3 1.5 -1 -1 0.514193800685 0.346887832465
counter is 877
10 250 -1.3 1.5 -1 1 0.488615052205 0.204617177039
counter is 878
10 250 -1.3 1.5 1 -1 -0.571062525365 -0.0913501856932
counter is 879
10 250 -1.3 1.5 1 1 0.0878015775854 -0.191887747619
counter is 880
10 250 -1.0 -1.5 -1 -1 -0.353877070588 0.0647105387256
counter is 881
10 250 -1.0 -1.5 -1 1 0.179605782128 0.0993178850481
counter is 882
10 250 -1.0 -1.5 1 -1 0.529237414541 0.00582090629688
counter is 883
10 250 -1.0 -1.5 1 1 0.183219600089 -0.224918482633
counter is 884
10 250 -1.0 -1 -1 -1 -0.257973085202 -0.135543374519
counter is 885
10 250 -1.0 -1 -1 1 0.432359765213 0.0618750373731
counter is 886
10 250 -1.0 -1 1 -1 0.476338922359 -0.0237190937031
counter is 887
10 250 -1.0 -1 1 1 -0.76987731173 -0.282588482633
counter is 888
10 250 -1.0 0 -1 -1 0.395810175768 0.188500906297
counter is 889
10 250 -1.0 0 -1 1 0.487650978347 0.00550151736746
counter is 890
10 250 -1.0 0 1 -1 -0.372221486661 -0.281440185693
counter is 891
10 250 -1.0 0 1 1 -0.817468778724 -0.173357049227
counter is 892
10 250 -1.0 1 -1 -1 0.465603265064 0.195120906297
counter is 893
10 250 -1.0 1 -1 1 0.518349011146 -0.0766484826325
counter is 894
10 250 -1.0 1 1 -1 -0.683056179585 -0.288060185693
counter is 895
10 250 -1.0 1 1 1 -0.331915356637 -0.0912070492268
counter is 896
10 250 -1.0 1.5 -1 -1 0.525790742354 0.245920906297
counter is 897
10 250 -1.0 1.5 -1 1 0.527977980684 -0.0810084826325
counter is 898
10 250 -1.0 1.5 1 -1 -1.00267326337 -0.338860185693
counter is 899
10 250 -1.0 1.5 1 1 0.297353369215 0.0463953215464
counter is 900
10 250 0 -1.5 -1 -1 -1.0730006446 0.0646605387256
counter is 901
10 250 0 -1.5 -1 1 -0.0676438000412 -0.0213821149519
counter is 902
10 250 0 -1.5 1 -1 -1.0635795807 -0.708802167535
counter is 903
10 250 0 -1.5 1 1 -1.0434570466 -1.01748282296
counter is 904
10 250 0 -1 -1 -1 -0.139975723298 -0.127723374519
counter is 905
10 250 0 -1 -1 1 -0.274569936589 -0.243504962627
counter is 906
10 250 0 -1 1 -1 -1.06919128448 -0.746212167535
counter is 907
10 250 0 -1 1 1 0.00100835584128 -0.890472822961
counter is 908
10 250 0 0 -1 -1 -0.0745940196977 -0.0633484826325
counter is 909
10 250 0 0 -1 1 -0.582222098412 -0.906140029334
counter is 910
10 250 0 0 1 -1 0.27004813694 -0.787072167535
counter is 911
10 250 0 0 1 1 -0.531913692163 -0.211882822961
counter is 912
10 250 0 1 -1 -1 0.342290914895 -0.685282167535
counter is 913
10 250 0 1 -1 1 -0.991758677317 -1.00088282296
counter is 914
10 250 0 1 1 -1 -0.0926087008605 -0.122330185693
counter is 915
10 250 0 1 1 1 -0.0629409555057 0.00562764677056
counter is 916
10 250 0 1.5 -1 -1 0.194111896402 -0.442612167535
counter is 917
10 250 0 1.5 -1 1 -1.00107019387 -0.996472822961
counter is 918
10 250 0 1.5 1 -1 -0.663095903133 -0.365000185693
counter is 919
10 250 0 1.5 1 1 0.244315677642 -0.00684469784291
counter is 920
10 250 1.0 -1.5 -1 -1 0.976501965701 -0.0360721149519
counter is 921
10 250 1.0 -1.5 -1 1 0.0204736849123 -0.0363421149519
counter is 922
10 250 1.0 -1.5 1 -1 0.475406900035 -0.791552167535
counter is 923
10 250 1.0 -1.5 1 1 -0.988480957206 -0.992482822961
counter is 924
10 250 1.0 -1 -1 -1 -0.110898731494 -0.130164962627
counter is 925
10 250 1.0 -1 -1 1 -0.171561810409 -0.115883374519
counter is 926
10 250 1.0 -1 1 -1 0.464919220945 -0.792572167535
counter is 927
10 250 1.0 -1 1 1 -0.908753427796 -1.01240282296
counter is 928
10 250 1.0 0 -1 -1 0.0348309458093 -0.0788184826325
counter is 929
10 250 1.0 0 -1 1 -0.531623672811 -0.313450029334
counter is 930
10 250 1.0 0 1 -1 0.563204876453 -0.824752167535
counter is 931
10 250 1.0 0 1 1 -0.270636168315 -0.794532822961
counter is 932
10 250 1.0 1 -1 -1 -0.14443428991 -0.0664321675348
counter is 933
10 250 1.0 1 -1 1 0.312846192636 -0.913172822961
counter is 934
10 250 1.0 1 1 -1 0.381603715388 -0.796042243475
counter is 935
10 250 1.0 1 1 1 -0.445537992124 -0.150502243475
counter is 936
10 250 1.0 1.5 -1 -1 0.199763132769 -0.282292167535
counter is 937
10 250 1.0 1.5 -1 1 0.242010324726 -0.988462822961
counter is 938
10 250 1.0 1.5 1 -1 -0.214302932055 -0.578470185693
counter is 939
10 250 1.0 1.5 1 1 -0.0461969164416 -0.00481469784291
counter is 940
10 250 1.3 -1.5 -1 -1 0.620693598346 -0.0430021149519
counter is 941
10 250 1.3 -1.5 -1 1 0.0896628945417 -0.0392321149519
counter is 942
10 250 1.3 -1.5 1 -1 0.593251100644 -0.386292167535
counter is 943
10 250 1.3 -1.5 1 1 0.578345725792 -0.543452822961
counter is 944
10 250 1.3 -1 -1 -1 0.0883077735889 -0.0336221149519
counter is 945
10 250 1.3 -1 -1 1 0.0154052782498 -0.0113621149519
counter is 946
10 250 1.3 -1 1 -1 0.591558964922 -0.395672167535
counter is 947
10 250 1.3 -1 1 1 0.487922746797 -0.571322822961
counter is 948
10 250 1.3 0 -1 -1 -0.0793518798462 -0.116456709283
counter is 949
10 250 1.3 0 -1 1 -0.671220955468 -0.268930029334
counter is 950
10 250 1.3 0 1 -1 0.588703911788 -0.403972167535
counter is 951
10 250 1.3 0 1 1 0.701093295291 -0.392912822961
counter is 952
10 250 1.3 1 -1 -1 -0.0311988114697 -0.0408821675348
counter is 953
10 250 1.3 1 -1 1 -0.0113945172232 -0.576712822961
counter is 954
10 250 1.3 1 1 -1 0.591594279931 -0.423262243475
counter is 955
10 250 1.3 1 1 1 0.179165332327 -0.0482270492268
counter is 956
10 250 1.3 1.5 -1 -1 0.272865235773 0.218047832465
counter is 957
10 250 1.3 1.5 -1 1 0.591761852564 -0.497422822961
counter is 958
10 250 1.3 1.5 1 -1 0.217512207373 -0.680480185693
counter is 959
10 250 1.3 1.5 1 1 -0.571320451048 -0.0526208124711
counter is 960
10 250 1.5 -1.5 -1 -1 -2.61520779063 0.213065286885
counter is 961
10 250 1.5 -1.5 -1 1 -0.564400028179 -0.0524021149519
counter is 962
10 250 1.5 -1.5 1 -1 0.547820826879 -0.395792167535
counter is 963
10 250 1.5 -1.5 1 1 0.550666621835 -0.446412822961
counter is 964
10 250 1.5 -1 -1 -1 0.13755474233 -0.093845286757
counter is 965
10 250 1.5 -1 -1 1 -0.35261767369 -0.0519921149519
counter is 966
10 250 1.5 -1 1 -1 0.550063567769 -0.406502167535
counter is 967
10 250 1.5 -1 1 1 0.550794808227 -0.446822822961
counter is 968
10 250 1.5 0 -1 -1 -0.161995794031 -0.126466709283
counter is 969
10 250 1.5 0 -1 1 -0.860684071351 -0.216020029334
counter is 970
10 250 1.5 0 1 -1 0.539116336415 -0.407682167535
counter is 971
10 250 1.5 0 1 1 0.563024344613 -0.361952822961
counter is 972
10 250 1.5 1 -1 -1 -0.0843708598914 -0.0574021675348
counter is 973
10 250 1.5 1 -1 1 -0.0811143016185 -0.139932822961
counter is 974
10 250 1.5 1 1 -1 0.54780148428 -0.420462243475
counter is 975
10 250 1.5 1 1 1 0.117442315994 -0.401137049227
counter is 976
10 250 1.5 1.5 -1 -1 -0.048652093771 -0.0328321675348
counter is 977
10 250 1.5 1.5 -1 1 0.499072901539 -0.429682822961
counter is 978
10 250 1.5 1.5 1 -1 0.531264955544 -0.443320185693
counter is 979
10 250 1.5 1.5 1 1 -0.359082285118 -0.0319552396922
counter is 980
15 1 -1.5 -1.5 -1 -1 0.562341746492 -0.0138115425306
counter is 981
15 1 -1.5 -1.5 -1 1 -1.07194062593 -0.08480326942
counter is 982
15 1 -1.5 -1.5 1 -1 -0.0892895363325 -0.108469093703
counter is 983
15 1 -1.5 -1.5 1 1 -0.425163235932 -0.109823531592
counter is 984
15 1 -1.5 -1 -1 -1 -0.0903781278813 -0.0358231253613
counter is 985
15 1 -1.5 -1 -1 1 -1.086971925 -0.0776454496489
counter is 986
15 1 -1.5 -1 1 -1 0.085385516706 -0.114449093703
counter is 987
15 1 -1.5 -1 1 1 0.121247167457 -0.160152992403
counter is 988
15 1 -1.5 0 -1 -1 -0.202775087333 -0.0435011492299
counter is 989
15 1 -1.5 0 -1 1 -1.18854029581 -0.166383531592
counter is 990
15 1 -1.5 0 1 -1 0.181008484621 -0.355868816362
counter is 991
15 1 -1.5 0 1 1 0.270372760244 -0.252265653323
counter is 992
15 1 -1.5 1 -1 -1 -0.0750977733008 -0.107539093703
counter is 993
15 1 -1.5 1 -1 1 -1.1727548136 -0.165413531592
counter is 994
15 1 -1.5 1 1 -1 -0.311644490117 -0.318082622916
counter is 995
15 1 -1.5 1 1 1 0.127069059035 -0.445929536266
counter is 996
15 1 -1.5 1.5 -1 -1 -0.0667218161842 -0.106969093703
counter is 997
15 1 -1.5 1.5 -1 1 -1.15900722866 -0.164523531592
counter is 998
15 1 -1.5 1.5 1 -1 -1.36706882997 -0.412376786847
counter is 999
15 1 -1.5 1.5 1 1 -31.7490157328 -0.00943886023865
counter is 1000
15 1 -1.3 -1.5 -1 -1 -0.440403013621 -0.0156815425306
counter is 1001
15 1 -1.3 -1.5 -1 1 -1.17207794462 -0.08746326942
counter is 1002
15 1 -1.3 -1.5 1 -1 -0.280855444956 -0.121189093703
counter is 1003
15 1 -1.3 -1.5 1 1 -0.673678044575 -0.152424962627
counter is 1004
15 1 -1.3 -1 -1 -1 -0.412758624991 -0.0540431253613
counter is 1005
15 1 -1.3 -1 -1 1 -1.31620698739 -0.185507631117
counter is 1006
15 1 -1.3 -1 1 -1 0.0407809205953 -0.110819093703
counter is 1007
15 1 -1.3 -1 1 1 -0.201810847887 -0.141444962627
counter is 1008
15 1 -1.3 0 -1 -1 -0.534032569826 -0.150426709283
counter is 1009
15 1 -1.3 0 -1 1 -1.35711857261 -0.211394962627
counter is 1010
15 1 -1.3 0 1 -1 0.0971998631315 -0.357408816362
counter is 1011
15 1 -1.3 0 1 1 0.1895102747 -0.252515653323
counter is 1012
15 1 -1.3 1 -1 -1 -0.299314627568 -0.122409093703
counter is 1013
15 1 -1.3 1 -1 1 -1.3339330921 -0.209864962627
counter is 1014
15 1 -1.3 1 1 -1 -0.222062033649 -0.317802622916
counter is 1015
15 1 -1.3 1 1 1 -0.95507331403 -0.413610985599
counter is 1016
15 1 -1.3 1.5 -1 -1 -0.287364455327 -0.121619093703
counter is 1017
15 1 -1.3 1.5 -1 1 -1.33269271791 -0.209774962627
counter is 1018
15 1 -1.3 1.5 1 -1 -0.890368842565 -0.392218398602
counter is 1019
15 1 -1.3 1.5 1 1 -2.32565919373 -0.0918518227952
counter is 1020
15 1 -1.0 -1.5 -1 -1 0.915203546781 -0.0135715425306
counter is 1021
15 1 -1.0 -1.5 -1 1 -0.89450492921 0.10790188147
counter is 1022
15 1 -1.0 -1.5 1 -1 -0.0479982182522 -0.120374962627
counter is 1023
15 1 -1.0 -1.5 1 1 -1.18307074067 -0.187794962627
counter is 1024
15 1 -1.0 -1 -1 -1 -0.411048426514 -0.117587631117
counter is 1025
15 1 -1.0 -1 -1 1 -1.56393864116 -0.200947631117
counter is 1026
15 1 -1.0 -1 1 -1 -0.0185025991309 -0.118204962627
counter is 1027
15 1 -1.0 -1 1 1 -0.0865727635003 -0.140764962627
counter is 1028
15 1 -1.0 0 -1 -1 -0.349541628243 -0.142664962627
counter is 1029
15 1 -1.0 0 -1 1 -1.6262606628 -0.228324962627
counter is 1030
15 1 -1.0 0 1 -1 0.507567358993 -0.116948008019
counter is 1031
15 1 -1.0 0 1 1 0.771605679077 -0.250345653323
counter is 1032
15 1 -1.0 1 -1 -1 -0.014688017839 -0.117914962627
counter is 1033
15 1 -1.0 1 -1 1 -1.57203533272 -0.224874962627
counter is 1034
15 1 -1.0 1 1 -1 -0.897596706419 -0.319372622916
counter is 1035
15 1 -1.0 1 1 1 -0.384483091801 -0.348722327917
counter is 1036
15 1 -1.0 1.5 -1 -1 -0.0144787949164 -0.117874962627
counter is 1037
15 1 -1.0 1.5 -1 1 -1.56778468217 -0.224574962627
counter is 1038
15 1 -1.0 1.5 1 -1 -1.74426871938 -0.502752696484
counter is 1039
15 1 -1.0 1.5 1 1 -0.642923340784 -0.0918118227952
counter is 1040
15 1 0 -1.5 -1 -1 -2.05852854478 -0.187373841637
counter is 1041
15 1 0 -1.5 -1 1 -1.9979599038 -0.308177938979
counter is 1042
15 1 0 -1.5 1 -1 1.26566930834 -0.0691033745194
counter is 1043
15 1 0 -1.5 1 1 -1.41935764903 -0.163943718122
counter is 1044
15 1 0 -1 -1 -1 -1.27712091147 -0.147445498152
counter is 1045
15 1 0 -1 -1 1 -0.922513556872 -0.0442954496489
counter is 1046
15 1 0 -1 1 -1 1.38054935459 -0.00144018569318
counter is 1047
15 1 0 -1 1 1 -1.23369181566 -0.13287011379
counter is 1048
15 1 0 0 -1 -1 -1.76715907636 -0.151973374519
counter is 1049
15 1 0 0 -1 1 -1.53416472675 -0.186940226842
counter is 1050
15 1 0 0 1 -1 1.39328377175 -0.0571802264894
counter is 1051
15 1 0 0 1 1 -0.165172230865 -0.146061846255
counter is 1052
15 1 0 1 -1 -1 1.16235983854 -0.0779733745194
counter is 1053
15 1 0 1 -1 1 -1.49518267655 -0.168533718122
counter is 1054
15 1 0 1 1 -1 -0.0910663443728 -0.358302685517
counter is 1055
15 1 0 1 1 1 -0.163604485185 -0.221791989549
counter is 1056
15 1 0 1.5 -1 -1 1.19932163843 -0.0725033745194
counter is 1057
15 1 0 1.5 -1 1 -1.48102100794 -0.167703718122
counter is 1058
15 1 0 1.5 1 -1 0.210965311199 -0.252784452555
counter is 1059
15 1 0 1.5 1 1 -0.521702982389 -0.222621989549
counter is 1060
15 1 1.0 -1.5 -1 -1 -1.47403574085 -0.0879034196985
counter is 1061
15 1 1.0 -1.5 -1 1 -0.59288969681 -0.360686328145
counter is 1062
15 1 1.0 -1.5 1 -1 0.877992793966 -0.0686684826325
counter is 1063
15 1 1.0 -1.5 1 1 -0.560719691847 -0.108576928702
counter is 1064
15 1 1.0 -1 -1 -1 -0.868479539613 -0.0877834196985
counter is 1065
15 1 1.0 -1 -1 1 -1.19679775702 -0.274388804118
counter is 1066
15 1 1.0 -1 1 -1 0.875856755508 -0.0687884826325
counter is 1067
15 1 1.0 -1 1 1 -0.538404580724 -0.106686928702
counter is 1068
15 1 1.0 0 -1 -1 -1.61709519182 -0.141086709283
counter is 1069
15 1 1.0 0 -1 1 -1.71429382851 -0.0167888600259
counter is 1070
15 1 1.0 0 1 -1 0.907265705216 -0.0899247897623
counter is 1071
15 1 1.0 0 1 1 -0.87162493402 -0.406653254113
counter is 1072
15 1 1.0 1 -1 -1 -1.3763433767 -0.127198482633
counter is 1073
15 1 1.0 1 -1 1 -0.554988105895 -0.108066928702
counter is 1074
15 1 1.0 1 1 -1 0.705885563023 -0.308542685517
counter is 1075
15 1 1.0 1 1 1 -0.708324504823 -0.339906243439
counter is 1076
15 1 1.0 1.5 -1 -1 0.900486037737 -0.0792684826325
counter is 1077
15 1 1.0 1.5 -1 1 -0.538858291194 -0.106746928702
counter is 1078
15 1 1.0 1.5 1 -1 -0.237629311563 -0.321527754268
counter is 1079
15 1 1.0 1.5 1 1 -1.48622640393 -0.252519168373
counter is 1080
15 1 1.3 -1.5 -1 -1 -0.979856809702 0.0795768032787
counter is 1081
15 1 1.3 -1.5 -1 1 0.54515633199 -0.359766328145
counter is 1082
15 1 1.3 -1.5 1 -1 0.627559410552 -0.102862992403
counter is 1083
15 1 1.3 -1.5 1 1 -0.26071443787 -0.0832880777415
counter is 1084
15 1 1.3 -1 -1 -1 -1.27080180711 -0.225235804868
counter is 1085
15 1 1.3 -1 -1 1 -0.779618296813 -0.273088804118
counter is 1086
15 1 1.3 -1 1 -1 0.633948607987 -0.102502992403
counter is 1087
15 1 1.3 -1 1 1 -0.230987604226 -0.0817780777415
counter is 1088
15 1 1.3 0 -1 -1 -0.146814816688 -0.36032595516
counter is 1089
15 1 1.3 0 -1 1 -0.724952295711 -0.0436467750733
counter is 1090
15 1 1.3 0 1 -1 0.679211327323 -0.0449946345924
counter is 1091
15 1 1.3 0 1 1 -0.544440968666 -0.343159448149
counter is 1092
15 1 1.3 1 -1 -1 -0.128212104305 -0.160922992403
counter is 1093
15 1 1.3 1 -1 1 0.0963257306757 -0.0441115032274
counter is 1094
15 1 1.3 1 1 -1 0.375082949999 -0.308692685517
counter is 1095
15 1 1.3 1 1 1 -0.847353256242 -0.348656243439
counter is 1096
15 1 1.3 1.5 -1 -1 0.926823929096 -0.121302992403
counter is 1097
15 1 1.3 1.5 -1 1 -0.252648253562 -0.0828780777415
counter is 1098
15 1 1.3 1.5 1 -1 -0.226452703406 -0.313367754268
counter is 1099
15 1 1.3 1.5 1 1 -0.371249572946 -0.321670199015
counter is 1100
15 1 1.5 -1.5 -1 -1 -31.7490157328 -0.00423643442623
counter is 1101
15 1 1.5 -1.5 -1 1 0.477069218097 -0.338971646193
counter is 1102
15 1 1.5 -1.5 1 -1 -0.277529699266 -0.194529898092
counter is 1103
15 1 1.5 -1.5 1 1 -0.0266411285794 -0.0943935664633
counter is 1104
15 1 1.5 -1 -1 -1 -1.81362914299 -0.337163715825
counter is 1105
15 1 1.5 -1 -1 1 -0.392912405659 -0.252486075544
counter is 1106
15 1 1.5 -1 1 -1 -0.266903314918 -0.193879898092
counter is 1107
15 1 1.5 -1 1 1 -0.0215666085485 -0.0940735664633
counter is 1108
15 1 1.5 0 -1 -1 -0.0326467921792 -0.36006595516
counter is 1109
15 1 1.5 0 -1 1 0.236850875734 -0.0679684318538
counter is 1110
15 1 1.5 0 1 -1 -0.226013180791 -0.134547237111
counter is 1111
15 1 1.5 0 1 1 -0.330047221876 -0.329379448149
counter is 1112
15 1 1.5 1 -1 -1 0.200775812613 -0.200719898092
counter is 1113
15 1 1.5 1 -1 1 0.158394551092 -0.0704827375652
counter is 1114
15 1 1.5 1 1 -1 -0.531332452647 -0.360282685517
counter is 1115
15 1 1.5 1 1 1 -0.491119493915 -0.333166243439
counter is 1116
15 1 1.5 1.5 -1 -1 0.467876294019 -0.198689898092
counter is 1117
15 1 1.5 1.5 -1 1 0.0194403508421 -0.0914835664633
counter is 1118
15 1 1.5 1.5 1 -1 -0.531488572304 -0.327367754268
counter is 1119
15 1 1.5 1.5 1 1 -1.6851055543 -0.253209168373
counter is 1120
15 5 -1.5 -1.5 -1 -1 0.513769080224 0.121685878276
counter is 1121
15 5 -1.5 -1.5 -1 1 -0.234318423825 -0.158980310939
counter is 1122
15 5 -1.5 -1.5 1 -1 -0.297520008786 -0.124189093703
counter is 1123
15 5 -1.5 -1.5 1 1 -0.410450122296 -0.139016709283
counter is 1124
15 5 -1.5 -1 -1 -1 -0.267220390056 -0.102416701574
counter is 1125
15 5 -1.5 -1 -1 1 -0.081492388331 -0.0282821149519
counter is 1126
15 5 -1.5 -1 1 -1 -0.322025137087 -0.123559093703
counter is 1127
15 5 -1.5 -1 1 1 0.0681240631765 -0.134066709283
counter is 1128
15 5 -1.5 0 -1 -1 -0.340272694952 -0.0689911492299
counter is 1129
15 5 -1.5 0 -1 1 -0.197819031139 -0.118666709283
counter is 1130
15 5 -1.5 0 1 -1 0.474934057543 -0.359289265303
counter is 1131
15 5 -1.5 0 1 1 0.339717942108 -0.200465723345
counter is 1132
15 5 -1.5 1 -1 -1 -0.296153287469 -0.124079093703
counter is 1133
15 5 -1.5 1 -1 1 -0.184052744482 -0.116306709283
counter is 1134
15 5 -1.5 1 1 -1 -0.133356731458 -0.329916566786
counter is 1135
15 5 -1.5 1 1 1 -0.248351860097 -0.453783577751
counter is 1136
15 5 -1.5 1.5 -1 -1 -0.279876881253 -0.121299093703
counter is 1137
15 5 -1.5 1.5 -1 1 -0.17843858865 -0.115356709283
counter is 1138
15 5 -1.5 1.5 1 -1 -1.87949238805 -0.432545519451
counter is 1139
15 5 -1.5 1.5 1 1 -13.8245564029 -0.0825078247154
counter is 1140
15 5 -1.3 -1.5 -1 -1 0.00128847089025 0.119215878276
counter is 1141
15 5 -1.3 -1.5 -1 1 -0.412042155365 -0.185460310939
counter is 1142
15 5 -1.3 -1.5 1 -1 -0.830739444106 -0.216169093703
counter is 1143
15 5 -1.3 -1.5 1 1 -0.84127511858 -0.189204962627
counter is 1144
15 5 -1.3 -1 -1 -1 -0.496137360754 -0.133696701574
counter is 1145
15 5 -1.3 -1 -1 1 -0.597725920207 -0.196723374519
counter is 1146
15 5 -1.3 -1 1 -1 -1.02185917087 -0.186729093703
counter is 1147
15 5 -1.3 -1 1 1 -0.325217871233 -0.141754962627
counter is 1148
15 5 -1.3 0 -1 -1 -1.07274674059 -0.267876709283
counter is 1149
15 5 -1.3 0 -1 1 -0.60521328224 -0.195224962627
counter is 1150
15 5 -1.3 0 1 -1 0.494611364288 -0.348729265303
counter is 1151
15 5 -1.3 0 1 1 0.221147068146 -0.200575723345
counter is 1152
15 5 -1.3 1 -1 -1 -0.839954890879 -0.219059093703
counter is 1153
15 5 -1.3 1 -1 1 -0.592566467323 -0.193004962627
counter is 1154
15 5 -1.3 1 1 -1 -0.0738543018077 -0.329386566786
counter is 1155
15 5 -1.3 1 1 1 -0.131929324728 -0.400179789933
counter is 1156
15 5 -1.3 1.5 -1 -1 -0.822713264706 -0.216019093703
counter is 1157
15 5 -1.3 1.5 -1 1 -0.587229075598 -0.192014962627
counter is 1158
15 5 -1.3 1.5 1 -1 -1.41991155968 -0.373566217878
counter is 1159
15 5 -1.3 1.5 1 1 -1.64354752328 -0.0804879248388
counter is 1160
15 5 -1.0 -1.5 -1 -1 -0.305787439935 0.118325878276
counter is 1161
15 5 -1.0 -1.5 -1 1 -0.525499090635 -0.0169701670803
counter is 1162
15 5 -1.0 -1.5 1 -1 -0.603658069177 -0.188554962627
counter is 1163
15 5 -1.0 -1.5 1 1 -0.448456782029 -0.157234962627
counter is 1164
15 5 -1.0 -1 -1 -1 -0.59926548006 -0.149913374519
counter is 1165
15 5 -1.0 -1 -1 1 -0.676234326425 -0.200383374519
counter is 1166
15 5 -1.0 -1 1 -1 -0.59996635606 -0.186284962627
counter is 1167
15 5 -1.0 -1 1 1 -0.0515148427873 -0.138264962627
counter is 1168
15 5 -1.0 0 -1 -1 -0.918953226174 -0.234614962627
counter is 1169
15 5 -1.0 0 -1 1 -0.681517555933 -0.198874962627
counter is 1170
15 5 -1.0 0 1 -1 0.727824525739 -0.0580146345924
counter is 1171
15 5 -1.0 0 1 1 0.666540982967 -0.197095723345
counter is 1172
15 5 -1.0 1 -1 -1 -0.624543991998 -0.192064962627
counter is 1173
15 5 -1.0 1 -1 1 -0.645822613915 -0.193544962627
counter is 1174
15 5 -1.0 1 1 -1 -0.238906961064 -0.329656566786
counter is 1175
15 5 -1.0 1 1 1 0.025382296383 -0.396407755318
counter is 1176
15 5 -1.0 1.5 -1 -1 -0.606793091067 -0.189214962627
counter is 1177
15 5 -1.0 1.5 -1 1 -0.640861409248 -0.192774962627
counter is 1178
15 5 -1.0 1.5 1 -1 -1.24922144372 -0.481848112147
counter is 1179
15 5 -1.0 1.5 1 1 0.803288723011 -0.0798979248388
counter is 1180
15 5 0 -1.5 -1 -1 -1.13905842839 -0.217400944972
counter is 1181
15 5 0 -1.5 -1 1 -1.74798811269 -0.264587160354
counter is 1182
15 5 0 -1.5 1 -1 0.623637465241 -0.0438133745194
counter is 1183
15 5 0 -1.5 1 1 -0.507419153154 -0.148139093703
counter is 1184
15 5 0 -1 -1 -1 -1.93472515932 -0.219842667139
counter is 1185
15 5 0 -1 -1 1 -0.165100702155 -0.0438821149519
counter is 1186
15 5 0 -1 1 -1 0.78220454049 0.0298098143068
counter is 1187
15 5 0 -1 1 1 -0.638903267072 -0.159489093703
counter is 1188
15 5 0 0 -1 -1 -1.90266217752 -0.163713374519
counter is 1189
15 5 0 0 -1 1 -0.588784960936 -0.172494962627
counter is 1190
15 5 0 0 1 -1 0.904179096573 0.0444348505311
counter is 1191
15 5 0 0 1 1 -0.441026752996 -0.0973037181223
counter is 1192
15 5 0 1 -1 -1 0.518296720441 -0.0677633745194
counter is 1193
15 5 0 1 -1 1 -0.606482220932 -0.160019093703
counter is 1194
15 5 0 1 1 -1 -0.162665026435 -0.30754666104
counter is 1195
15 5 0 1 1 1 0.0505734314749 -0.201327770013
counter is 1196
15 5 0 1.5 -1 -1 0.711838359083 -0.0365633745194
counter is 1197
15 5 0 1.5 -1 1 -0.585971892749 -0.157829093703
counter is 1198
15 5 0 1.5 1 -1 -0.895049008751 -0.226292028671
counter is 1199
15 5 0 1.5 1 1 0.0237306676571 -0.203517770013
counter is 1200
15 5 1.0 -1.5 -1 -1 -1.07685262804 -0.084136143229
counter is 1201
15 5 1.0 -1.5 -1 1 -1.37337506249 -0.286911997594
counter is 1202
15 5 1.0 -1.5 1 -1 0.378668782123 -0.0365784826325
counter is 1203
15 5 1.0 -1.5 1 1 -0.250740734215 -0.115818482633
counter is 1204
15 5 1.0 -1 -1 -1 -1.70638265712 -0.086746143229
counter is 1205
15 5 1.0 -1 -1 1 -1.55583062871 -0.206465882594
counter is 1206
15 5 1.0 -1 1 -1 0.399583902194 -0.0339684826325
counter is 1207
15 5 1.0 -1 1 1 -0.233912878595 -0.113028482633
counter is 1208
15 5 1.0 0 -1 -1 -1.59732947522 -0.147826709283
counter is 1209
15 5 1.0 0 -1 1 -1.03140659822 -0.0588221149519
counter is 1210
15 5 1.0 0 1 -1 0.484571886681 0.000786965265082
counter is 1211
15 5 1.0 0 1 1 -0.458957163724 -0.316064570384
counter is 1212
15 5 1.0 1 -1 -1 -1.12043344209 -0.131768482633
counter is 1213
15 5 1.0 1 -1 1 -0.302499787474 -0.124078482633
counter is 1214
15 5 1.0 1 1 -1 0.218794181006 -0.230858241542
counter is 1215
15 5 1.0 1 1 1 -0.193530459376 -0.324899737551
counter is 1216
15 5 1.0 1.5 -1 -1 -0.281389070334 -0.120108482633
counter is 1217
15 5 1.0 1.5 -1 1 -0.275739070536 -0.119978482633
counter is 1218
15 5 1.0 1.5 1 -1 0.617341271754 -0.229799599176
counter is 1219
15 5 1.0 1.5 1 1 -0.104718745815 -0.267092981703
counter is 1220
15 5 1.3 -1.5 -1 -1 0.19419272918 0.0830972540984
counter is 1221
15 5 1.3 -1.5 -1 1 -0.954841040786 -0.285181997594
counter is 1222
15 5 1.3 -1.5 1 -1 0.838583494494 0.0650264684084
counter is 1223
15 5 1.3 -1.5 1 1 0.0846958311472 -0.0268070492268
counter is 1224
15 5 1.3 -1 -1 -1 -1.63595672507 -0.222287276198
counter is 1225
15 5 1.3 -1 -1 1 -1.15879588562 -0.203775882594
counter is 1226
15 5 1.3 -1 1 -1 0.852208153431 0.0671364684084
counter is 1227
15 5 1.3 -1 1 1 0.0955538524772 -0.0249770492268
counter is 1228
15 5 1.3 0 -1 -1 -1.09944609288 -0.309360670743
counter is 1229
15 5 1.3 0 -1 1 -1.35759307501 -0.0535121149519
counter is 1230
15 5 1.3 0 1 -1 0.931911847733 0.12403243863
counter is 1231
15 5 1.3 0 1 1 -0.137851341751 -0.224343762236
counter is 1232
15 5 1.3 1 -1 -1 -0.0984044367103 -0.107083531592
counter is 1233
15 5 1.3 1 -1 1 -0.343942198563 -0.0691300600601
counter is 1234
15 5 1.3 1 1 -1 0.598633488611 -0.153218241542
counter is 1235
15 5 1.3 1 1 1 -0.125885423896 -0.259969737551
counter is 1236
15 5 1.3 1.5 -1 -1 0.837356444743 -0.00594353159162
counter is 1237
15 5 1.3 1.5 -1 1 0.0613841460706 -0.0315070492268
counter is 1238
15 5 1.3 1.5 1 -1 0.101142890588 -0.241639599176
counter is 1239
15 5 1.3 1.5 1 1 0.0702068769136 -0.337339034252
counter is 1240
15 5 1.5 -1.5 -1 -1 -19.3232569712 -0.0297687295082
counter is 1241
15 5 1.5 -1.5 -1 1 -0.960239899446 -0.303605008202
counter is 1242
15 5 1.5 -1.5 1 -1 0.295108327673 -0.00775153233278
counter is 1243
15 5 1.5 -1.5 1 1 -0.22548668204 -0.0855370492268
counter is 1244
15 5 1.5 -1 -1 -1 -1.75807614172 -0.371717489603
counter is 1245
15 5 1.5 -1 -1 1 -0.944464983038 -0.219852301766
counter is 1246
15 5 1.5 -1 1 -1 0.303299185409 -0.00652153233278
counter is 1247
15 5 1.5 -1 1 1 -0.221951315217 -0.0848370492268
counter is 1248
15 5 1.5 0 -1 -1 -0.682841579982 -0.307090670743
counter is 1249
15 5 1.5 0 -1 1 -0.65712934272 -0.0485621149519
counter is 1250
15 5 1.5 0 1 -1 0.373727699113 0.0487273419146
counter is 1251
15 5 1.5 0 1 1 -0.486408016046 -0.287673762236
15 5 1.5 1 -1 1 0.489120279449 -0.0195200600601
counter is 1
counter is 2
counter is 3
counter is 1
counter is 2
counter is 3
counter is 1
counter is 1
counter is 2
counter is 3
counter is 1
10 5 0 1 -1 1 -4.53604259416 -0.846694742078
counter is 2
10 5 0 1 1 -1 -4.53604259416 -0.846694742078
counter is 3
10 5 0 1 1 1 -4.53604259416 -0.846694742078
counter is 1
10 5 0 1 -1 1 -4.53604259416 -0.846694742078
counter is 2
10 5 0 1 1 -1 -4.53604259416 -0.846694742078
counter is 3
counter is 1
counter is 2
counter is 3
counter is 1
1 5 -0.10 0.02 -1 1 -5.26295277306 -1.26231474208
counter is 2
1 5 -0.10 0.02 1 -1 -5.26295277306 -1.26231474208
counter is 3
counter is 4
counter is 5
counter is 6
counter is 7
counter is 8
counter is 9
counter is 10
counter is 11
counter is 12
counter is 13
counter is 14
counter is 15
counter is 16
counter is 17
counter is 18
counter is 19
counter is 20
counter is 21
counter is 22
counter is 23
counter is 24
counter is 25
counter is 26
counter is 27
counter is 28
counter is 29
counter is 30
counter is 31
counter is 32
counter is 33
counter is 34
counter is 35
counter is 36
counter is 1
2 5 -0.10 0.02 -1 1 -4.53604259416 -0.846694742078
counter is 2
2 5 -0.10 0.02 1 -1 -0.819684852804 11.8423781539
counter is 3
2 5 -0.10 0.02 1 1 0.476960287966 0.328857478619
counter is 4
2 5 -0.10 0 -1 -1 -2.88299223601 -0.587900226153
counter is 5
2 5 -0.10 0 -1 1 -2.88299223601 -0.587900226153
counter is 6
2 5 -0.10 0 1 -1 0.7678966721 13.5225781539
counter is 7
2 5 -0.10 0 1 1 0.7678966721 13.5225781539
counter is 8
2 5 -0.10 0.02 -1 -1 -3.66266122646 -0.750044687515
counter is 9
2 5 -0.10 0.02 -1 1 -3.66266122646 -0.750044687515
counter is 10
2 5 -0.10 0.02 1 -1 -0.819684852804 11.8423781539
counter is 11
2 5 -0.10 0.02 1 1 0.476960287966 0.328857478619
counter is 12
2 5 -0.05 0.02 -1 -1 -5.26295277306 -1.26231474208
counter is 13
2 5 -0.05 0.02 -1 1 -5.26295277306 -1.26231474208
counter is 14
2 5 -0.05 0.02 1 -1 -0.904544997578 11.2819281539
counter is 15
2 5 -0.05 0.02 1 1 0.46598300735 0.306847478619
counter is 16
2 5 -0.05 0 -1 -1 -4.53604259416 -0.846694742078
counter is 17
2 5 -0.05 0 -1 1 -4.53604259416 -0.846694742078
counter is 18
2 5 -0.05 0 1 -1 0.71049921611 13.0587881539
counter is 19
2 5 -0.05 0 1 1 0.71049921611 13.0587881539
counter is 20
2 5 -0.05 0.02 -1 -1 -5.26295277306 -1.26231474208
counter is 21
2 5 -0.05 0.02 -1 1 -5.26295277306 -1.26231474208
counter is 22
2 5 -0.05 0.02 1 -1 -0.904544997578 11.2819281539
counter is 23
2 5 -0.05 0.02 1 1 0.46598300735 0.306847478619
counter is 24
2 5 0.05 0.02 -1 -1 -0.904544997578 11.2819281539
counter is 25
2 5 0.05 0.02 -1 1 0.46598300735 0.306847478619
counter is 26
2 5 0.05 0.02 1 -1 -5.26295277306 -1.26231474208
counter is 27
2 5 0.05 0.02 1 1 -5.26295277306 -1.26231474208
counter is 28
2 5 0.05 0 -1 -1 0.71049921611 13.0587881539
counter is 29
2 5 0.05 0 -1 1 0.71049921611 13.0587881539
counter is 30
2 5 0.05 0 1 -1 -4.53604259416 -0.846694742078
counter is 31
2 5 0.05 0 1 1 -4.53604259416 -0.846694742078
counter is 32
2 5 0.05 0.02 -1 -1 -0.904544997578 11.2819281539
counter is 33
2 5 0.05 0.02 -1 1 0.46598300735 0.306847478619
counter is 34
2 5 0.05 0.02 1 -1 -5.26295277306 -1.26231474208
counter is 35
2 5 0.05 0.02 1 1 -5.26295277306 -1.26231474208
counter is 36
2 5 0.10 0.02 -1 -1 -0.819684852804 11.8423781539
counter is 37
2 5 0.10 0.02 -1 1 0.476960287966 0.328857478619
counter is 38
2 5 0.10 0.02 1 -1 -3.66266122646 -0.750044687515
counter is 39
2 5 0.10 0.02 1 1 -3.66266122646 -0.750044687515
counter is 40
2 5 0.10 0 -1 -1 0.7678966721 13.5225781539
counter is 41
2 5 0.10 0 -1 1 0.7678966721 13.5225781539
counter is 42
2 5 0.10 0 1 -1 -2.88299223601 -0.587900226153
counter is 43
2 5 0.10 0 1 1 -2.88299223601 -0.587900226153
counter is 44
2 5 0.10 0.02 -1 -1 -0.819684852804 11.8423781539
counter is 45
2 5 0.10 0.02 -1 1 0.476960287966 0.328857478619
counter is 46
2 5 0.10 0.02 1 -1 -3.66266122646 -0.750044687515
counter is 47
2 5 0.10 0.02 1 1 -3.66266122646 -0.750044687515
counter is 48
10 5 -0.10 0.02 -1 -1 -0.989135804267 -3.22679184607
counter is 49
10 5 -0.10 0.02 -1 1 -3.73162185527 -1.25208850935
counter is 50
10 5 -0.10 0.02 1 -1 -1.97288679328 10.4089781539
counter is 51
10 5 -0.10 0.02 1 1 1.59298117777 17.6518714906
counter is 52
10 5 -0.10 0 -1 -1 -1.60956187897 -2.25975184607
counter is 53
10 5 -0.10 0 -1 1 -1.60956187897 -2.25975184607
counter is 54
10 5 -0.10 0 1 -1 0.454165581681 16.8575581539
counter is 55
10 5 -0.10 0 1 1 0.454165581681 16.8575581539
counter is 56
10 5 -0.10 0.02 -1 -1 -0.989135804267 -3.22679184607
counter is 57
10 5 -0.10 0.02 -1 1 -3.73162185527 -1.25208850935
counter is 58
10 5 -0.10 0.02 1 -1 -1.97288679328 10.4089781539
counter is 59
10 5 -0.10 0.02 1 1 1.59298117777 17.6518714906
counter is 60
10 5 -0.05 0.02 -1 -1 -0.782749158737 -6.35465184607
counter is 61
10 5 -0.05 0.02 -1 1 -1.90952123253 -1.86215850935
counter is 62
10 5 -0.05 0.02 1 -1 -0.0191925887521 9.96593815393
counter is 63
10 5 -0.05 0.02 1 1 1.52625667604 16.0454214906
