counter is 1
2 5 -0.10 0.02 -1 1 -32.20969929 -0.166380842585
counter is 2
2 5 -0.10 0.02 1 -1 0.937354319836 0.985573576642
counter is 3
2 5 -0.10 0.02 1 1 2.32570371132 0.82561602742
counter is 4
2 5 -0.10 0 -1 -1 -3.7208362409 -0.471786976711
counter is 5
2 5 -0.10 0 -1 1 -3.7208362409 -0.471786976711
counter is 6
2 5 -0.10 0 1 -1 2.21026098586 1.60208602742
counter is 7
2 5 -0.10 0 1 1 2.21026098586 1.60208602742
counter is 8
2 5 -0.10 0.02 -1 -1 -2.5255499057 -0.473719736728
counter is 9
2 5 -0.10 0.02 -1 1 -32.20969929 -0.166380842585
counter is 10
2 5 -0.10 0.02 1 -1 0.937354319836 0.985573576642
counter is 11
2 5 -0.10 0.02 1 1 2.32570371132 0.82561602742
counter is 12
2 5 -0.05 0.02 -1 -1 -3.12422339168 -0.348965279907
counter is 13
2 5 -0.05 0.02 -1 1 -4.7691621714 -0.144072743926
counter is 14
2 5 -0.05 0.02 1 -1 0.717262771199 0.700433576642
counter is 15
2 5 -0.05 0.02 1 1 2.02526814903 0.55337602742
counter is 16
2 5 -0.05 0 -1 -1 -2.31474794126 -0.343265279907
counter is 17
2 5 -0.05 0 -1 1 -2.31474794126 -0.343265279907
counter is 18
2 5 -0.05 0 1 -1 2.07053304235 1.31926602742
counter is 19
2 5 -0.05 0 1 1 2.07053304235 1.31926602742
counter is 20
2 5 -0.05 0.02 -1 -1 -3.12422339168 -0.348965279907
counter is 21
2 5 -0.05 0.02 -1 1 -4.7691621714 -0.144072743926
counter is 22
2 5 -0.05 0.02 1 -1 0.717262771199 0.700433576642
counter is 23
2 5 -0.05 0.02 1 1 2.02526814903 0.55337602742
counter is 24
2 5 0.05 0.02 -1 -1 0.717262771199 0.700433576642
counter is 25
2 5 0.05 0.02 -1 1 2.02526814903 0.55337602742
counter is 26
2 5 0.05 0.02 1 -1 -3.12422339168 -0.348965279907
counter is 27
2 5 0.05 0.02 1 1 -4.7691621714 -0.144072743926
counter is 28
2 5 0.05 0 -1 -1 2.07053304235 1.31926602742
counter is 29
2 5 0.05 0 -1 1 2.07053304235 1.31926602742
counter is 30
2 5 0.05 0 1 -1 -2.31474794126 -0.343265279907
counter is 31
2 5 0.05 0 1 1 -2.31474794126 -0.343265279907
counter is 32
2 5 0.05 0.02 -1 -1 0.717262771199 0.700433576642
counter is 33
2 5 0.05 0.02 -1 1 2.02526814903 0.55337602742
counter is 34
2 5 0.05 0.02 1 -1 -3.12422339168 -0.348965279907
counter is 35
2 5 0.05 0.02 1 1 -4.7691621714 -0.144072743926
counter is 36
2 5 0.10 0.02 -1 -1 0.937354319836 0.985573576642
counter is 37
2 5 0.10 0.02 -1 1 2.32570371132 0.82561602742
counter is 38
2 5 0.10 0.02 1 -1 -2.5255499057 -0.473719736728
counter is 39
2 5 0.10 0.02 1 1 -32.20969929 -0.166380842585
counter is 40
2 5 0.10 0 -1 -1 2.21026098586 1.60208602742
counter is 41
2 5 0.10 0 -1 1 2.21026098586 1.60208602742
counter is 42
2 5 0.10 0 1 -1 -3.7208362409 -0.471786976711
counter is 43
2 5 0.10 0 1 1 -3.7208362409 -0.471786976711
counter is 44
2 5 0.10 0.02 -1 -1 0.937354319836 0.985573576642
counter is 45
2 5 0.10 0.02 -1 1 2.32570371132 0.82561602742
counter is 46
2 5 0.10 0.02 1 -1 -2.5255499057 -0.473719736728
counter is 47
2 5 0.10 0.02 1 1 -32.20969929 -0.166380842585
counter is 48
2 10 -0.10 0.02 -1 -1 -2.36964448983 -0.353108719803
counter is 49
2 10 -0.10 0.02 -1 1 -5.80913344479 -0.00674723757065
counter is 50
2 10 -0.10 0.02 1 -1 0.596895164767 1.38012357664
counter is 51
2 10 -0.10 0.02 1 1 1.29757903195 0.84016602742
counter is 52
2 10 -0.10 0 -1 -1 -3.14011704067 -0.270671874729
counter is 53
2 10 -0.10 0 -1 1 -3.14011704067 -0.270671874729
counter is 54
2 10 -0.10 0 1 -1 1.05262104516 1.62324602742
counter is 55
2 10 -0.10 0 1 1 1.05262104516 1.62324602742
counter is 56
2 10 -0.10 0.02 -1 -1 -2.36964448983 -0.353108719803
counter is 57
2 10 -0.10 0.02 -1 1 -5.80913344479 -0.00674723757065
counter is 58
2 10 -0.10 0.02 1 -1 0.596895164767 1.38012357664
counter is 59
2 10 -0.10 0.02 1 1 1.29757903195 0.84016602742
counter is 60
2 10 -0.05 0.02 -1 -1 -2.47362780844 -0.396701686677
counter is 61
2 10 -0.05 0.02 -1 1 -3.77546346377 -0.124729433546
counter is 62
2 10 -0.05 0.02 1 -1 0.480689745946 1.08670357664
counter is 63
2 10 -0.05 0.02 1 1 1.07596060896 0.56451602742
counter is 64
2 10 -0.05 0 -1 -1 -1.9315396686 -0.391251686677
counter is 65
2 10 -0.05 0 -1 1 -1.9315396686 -0.391251686677
counter is 66
2 10 -0.05 0 1 -1 0.910812968438 1.33276602742
counter is 67
2 10 -0.05 0 1 1 0.910812968438 1.33276602742
counter is 68
2 10 -0.05 0.02 -1 -1 -2.47362780844 -0.396701686677
counter is 69
2 10 -0.05 0.02 -1 1 -3.77546346377 -0.124729433546
counter is 70
2 10 -0.05 0.02 1 -1 0.480689745946 1.08670357664
counter is 71
2 10 -0.05 0.02 1 1 1.07596060896 0.56451602742
counter is 72
2 10 0.05 0.02 -1 -1 0.480689745946 1.08670357664
counter is 73
2 10 0.05 0.02 -1 1 1.07596060896 0.56451602742
counter is 74
2 10 0.05 0.02 1 -1 -2.47362780844 -0.396701686677
counter is 75
2 10 0.05 0.02 1 1 -3.77546346377 -0.124729433546
counter is 76
2 10 0.05 0 -1 -1 0.910812968438 1.33276602742
counter is 77
2 10 0.05 0 -1 1 0.910812968438 1.33276602742
counter is 78
2 10 0.05 0 1 -1 -1.9315396686 -0.391251686677
counter is 79
2 10 0.05 0 1 1 -1.9315396686 -0.391251686677
counter is 80
2 10 0.05 0.02 -1 -1 0.480689745946 1.08670357664
counter is 81
2 10 0.05 0.02 -1 1 1.07596060896 0.56451602742
counter is 82
2 10 0.05 0.02 1 -1 -2.47362780844 -0.396701686677
counter is 83
2 10 0.05 0.02 1 1 -3.77546346377 -0.124729433546
counter is 84
2 10 0.10 0.02 -1 -1 0.596895164767 1.38012357664
counter is 85
2 10 0.10 0.02 -1 1 1.29757903195 0.84016602742
counter is 86
2 10 0.10 0.02 1 -1 -2.36964448983 -0.353108719803
counter is 87
2 10 0.10 0.02 1 1 -5.80913344479 -0.00674723757065
counter is 88
2 10 0.10 0 -1 -1 1.05262104516 1.62324602742
counter is 89
2 10 0.10 0 -1 1 1.05262104516 1.62324602742
counter is 90
2 10 0.10 0 1 -1 -3.14011704067 -0.270671874729
counter is 91
2 10 0.10 0 1 1 -3.14011704067 -0.270671874729
counter is 92
2 10 0.10 0.02 -1 -1 0.596895164767 1.38012357664
counter is 93
2 10 0.10 0.02 -1 1 1.29757903195 0.84016602742
counter is 94
2 10 0.10 0.02 1 -1 -2.36964448983 -0.353108719803
counter is 95
2 10 0.10 0.02 1 1 -5.80913344479 -0.00674723757065
counter is 96
10 5 -0.10 0.02 -1 -1 -2.89782803028 -0.679846296946
counter is 97
10 5 -0.10 0.02 -1 1 -2.28512741452 -0.667616296946
counter is 98
10 5 -0.10 0.02 1 -1 0.598057877478 0.770633576642
counter is 99
10 5 -0.10 0.02 1 1 2.98247967994 3.37411357664
counter is 100
10 5 -0.10 0 -1 -1 -2.55201362157 -0.672006296946
counter is 101
10 5 -0.10 0 -1 1 -2.55201362157 -0.672006296946
counter is 102
10 5 -0.10 0 1 -1 1.95235262705 2.36123357664
counter is 103
10 5 -0.10 0 1 1 1.95235262705 2.36123357664
counter is 104
10 5 -0.10 0.02 -1 -1 -2.89782803028 -0.679846296946
counter is 105
10 5 -0.10 0.02 -1 1 -2.28512741452 -0.667616296946
counter is 106
10 5 -0.10 0.02 1 -1 0.598057877478 0.770633576642
counter is 107
10 5 -0.10 0.02 1 1 2.98247967994 3.37411357664
counter is 108
10 5 -0.05 0.02 -1 -1 -3.56313688721 -0.332503680219
counter is 109
10 5 -0.05 0.02 -1 1 -2.13415907277 -0.295567938262
counter is 110
10 5 -0.05 0.02 1 -1 0.477134853952 0.596563576642
counter is 111
10 5 -0.05 0.02 1 1 2.92259953771 2.92544357664
counter is 112
10 5 -0.05 0 -1 -1 -2.68529666846 -0.301513680219
counter is 113
10 5 -0.05 0 -1 1 -2.68529666846 -0.301513680219
counter is 114
10 5 -0.05 0 1 -1 1.82955808242 2.07709357664
counter is 115
10 5 -0.05 0 1 1 1.82955808242 2.07709357664
counter is 116
10 5 -0.05 0.02 -1 -1 -3.56313688721 -0.332503680219
counter is 117
10 5 -0.05 0.02 -1 1 -2.13415907277 -0.295567938262
counter is 118
10 5 -0.05 0.02 1 -1 0.477134853952 0.596563576642
counter is 119
10 5 -0.05 0.02 1 1 2.92259953771 2.92544357664
counter is 120
10 5 0.05 0.02 -1 -1 0.477134853952 0.596563576642
counter is 121
10 5 0.05 0.02 -1 1 2.92259953771 2.92544357664
counter is 122
10 5 0.05 0.02 1 -1 -3.56313688721 -0.332503680219
counter is 123
10 5 0.05 0.02 1 1 -2.13415907277 -0.295567938262
counter is 124
10 5 0.05 0 -1 -1 1.82955808242 2.07709357664
counter is 125
10 5 0.05 0 -1 1 1.82955808242 2.07709357664
counter is 126
10 5 0.05 0 1 -1 -2.68529666846 -0.301513680219
counter is 127
10 5 0.05 0 1 1 -2.68529666846 -0.301513680219
counter is 128
10 5 0.05 0.02 -1 -1 0.477134853952 0.596563576642
counter is 129
10 5 0.05 0.02 -1 1 2.92259953771 2.92544357664
counter is 130
10 5 0.05 0.02 1 -1 -3.56313688721 -0.332503680219
counter is 131
10 5 0.05 0.02 1 1 -2.13415907277 -0.295567938262
counter is 132
10 5 0.10 0.02 -1 -1 0.598057877478 0.770633576642
counter is 133
10 5 0.10 0.02 -1 1 2.98247967994 3.37411357664
counter is 134
10 5 0.10 0.02 1 -1 -2.89782803028 -0.679846296946
counter is 135
10 5 0.10 0.02 1 1 -2.28512741452 -0.667616296946
counter is 136
10 5 0.10 0 -1 -1 1.95235262705 2.36123357664
counter is 137
10 5 0.10 0 -1 1 1.95235262705 2.36123357664
counter is 138
10 5 0.10 0 1 -1 -2.55201362157 -0.672006296946
counter is 139
10 5 0.10 0 1 1 -2.55201362157 -0.672006296946
counter is 140
10 5 0.10 0.02 -1 -1 0.598057877478 0.770633576642
counter is 141
10 5 0.10 0.02 -1 1 2.98247967994 3.37411357664
counter is 142
10 5 0.10 0.02 1 -1 -2.89782803028 -0.679846296946
counter is 143
10 5 0.10 0.02 1 1 -2.28512741452 -0.667616296946
counter is 144
10 10 -0.10 0.02 -1 -1 -2.74362965499 -0.557778175182
counter is 145
10 10 -0.10 0.02 -1 1 -2.32417635527 -0.542518175182
counter is 146
10 10 -0.10 0.02 1 -1 0.467530053971 1.23309357664
counter is 147
10 10 -0.10 0.02 1 1 1.8723553608 4.63629357664
counter is 148
10 10 -0.10 0 -1 -1 -2.52760304272 -0.548298175182
counter is 149
10 10 -0.10 0 -1 1 -2.52760304272 -0.548298175182
counter is 150
10 10 -0.10 0 1 -1 1.28351377023 3.35979357664
counter is 151
10 10 -0.10 0 1 1 1.28351377023 3.35979357664
counter is 152
10 10 -0.10 0.02 -1 -1 -2.74362965499 -0.557778175182
counter is 153
10 10 -0.10 0.02 -1 1 -2.32417635527 -0.542518175182
counter is 154
10 10 -0.10 0.02 1 -1 0.467530053971 1.23309357664
counter is 155
10 10 -0.10 0.02 1 1 1.8723553608 4.63629357664
counter is 156
10 10 -0.05 0.02 -1 -1 -2.648275723 -0.223194876646
counter is 157
10 10 -0.05 0.02 -1 1 -2.02417652112 -0.280774543082
counter is 158
10 10 -0.05 0.02 1 -1 0.408323559203 1.06314357664
counter is 159
10 10 -0.05 0.02 1 1 1.70857862268 3.76934357664
counter is 160
10 10 -0.05 0 -1 -1 -2.06989163538 -0.189194876646
counter is 161
10 10 -0.05 0 -1 1 -2.06989163538 -0.189194876646
counter is 162
10 10 -0.05 0 1 -1 1.17540454243 2.94536357664
counter is 163
10 10 -0.05 0 1 1 1.17540454243 2.94536357664
counter is 164
10 10 -0.05 0.02 -1 -1 -2.648275723 -0.223194876646
counter is 165
10 10 -0.05 0.02 -1 1 -2.02417652112 -0.280774543082
counter is 166
10 10 -0.05 0.02 1 -1 0.408323559203 1.06314357664
counter is 167
10 10 -0.05 0.02 1 1 1.70857862268 3.76934357664
counter is 168
10 10 0.05 0.02 -1 -1 0.408323559203 1.06314357664
counter is 169
10 10 0.05 0.02 -1 1 1.70857862268 3.76934357664
counter is 170
10 10 0.05 0.02 1 -1 -2.648275723 -0.223194876646
counter is 171
10 10 0.05 0.02 1 1 -2.02417652112 -0.280774543082
counter is 172
10 10 0.05 0 -1 -1 1.17540454243 2.94536357664
counter is 173
10 10 0.05 0 -1 1 1.17540454243 2.94536357664
counter is 174
10 10 0.05 0 1 -1 -2.06989163538 -0.189194876646
counter is 175
10 10 0.05 0 1 1 -2.06989163538 -0.189194876646
counter is 176
10 10 0.05 0.02 -1 -1 0.408323559203 1.06314357664
counter is 177
10 10 0.05 0.02 -1 1 1.70857862268 3.76934357664
counter is 178
10 10 0.05 0.02 1 -1 -2.648275723 -0.223194876646
counter is 179
10 10 0.05 0.02 1 1 -2.02417652112 -0.280774543082
counter is 180
10 10 0.10 0.02 -1 -1 0.467530053971 1.23309357664
counter is 181
10 10 0.10 0.02 -1 1 1.8723553608 4.63629357664
counter is 182
10 10 0.10 0.02 1 -1 -2.74362965499 -0.557778175182
counter is 183
10 10 0.10 0.02 1 1 -2.32417635527 -0.542518175182
counter is 184
10 10 0.10 0 -1 -1 1.28351377023 3.35979357664
counter is 185
10 10 0.10 0 -1 1 1.28351377023 3.35979357664
counter is 186
10 10 0.10 0 1 -1 -2.52760304272 -0.548298175182
counter is 187
10 10 0.10 0 1 1 -2.52760304272 -0.548298175182
counter is 188
10 10 0.10 0.02 -1 -1 0.467530053971 1.23309357664
counter is 189
10 10 0.10 0.02 -1 1 1.8723553608 4.63629357664
counter is 190
10 10 0.10 0.02 1 -1 -2.74362965499 -0.557778175182
counter is 191
10 10 0.10 0.02 1 1 -2.32417635527 -0.542518175182
