counter is 1622
15 50 1.0 -1.5 1 -1 -0.560688690015 -0.470758482633
counter is 1623
15 50 1.0 -1.5 1 1 -0.479806321532 -0.425648482633
counter is 1624
15 50 1.0 -1 -1 -1 -0.499095100165 0.0659340456444
counter is 1625
15 50 1.0 -1 -1 1 0.15595126463 -0.0404321149519
counter is 1626
15 50 1.0 -1 1 -1 -0.559830612239 -0.468508482633
counter is 1627
15 50 1.0 -1 1 1 -0.489615896071 -0.433688482633
counter is 1628
15 50 1.0 0 -1 -1 -0.271456643402 -0.135566709283
counter is 1629
15 50 1.0 0 -1 1 -0.363319637122 -0.0622621149519
counter is 1630
15 50 1.0 0 1 -1 -0.573986470609 -0.475518482633
counter is 1631
15 50 1.0 0 1 1 -0.473170885077 -0.411868482633
counter is 1632
15 50 1.0 1 -1 -1 0.310177811853 -0.0787684826325
counter is 1633
15 50 1.0 1 -1 1 -0.481617543555 -0.404568482633
counter is 1634
15 50 1.0 1 1 -1 -0.591395267581 -0.474320185693
counter is 1635
15 50 1.0 1 1 1 -0.590068484873 -0.111807049227
counter is 1636
15 50 1.0 1.5 -1 -1 -0.462029285698 -0.278718482633
counter is 1637
15 50 1.0 1.5 -1 1 -0.472746604632 -0.417568482633
counter is 1638
15 50 1.0 1.5 1 -1 -0.716405739785 -0.266564012779
counter is 1639
15 50 1.0 1.5 1 1 -0.785019329319 -0.0239108124711
counter is 1640
15 50 1.3 -1.5 -1 -1 0.118665153088 0.211365286885
counter is 1641
15 50 1.3 -1.5 -1 1 -0.676590320155 -0.122051123829
counter is 1642
15 50 1.3 -1.5 1 -1 -0.983170785392 -0.876616709283
counter is 1643
15 50 1.3 -1.5 1 1 -0.86086584098 -0.795777049227
counter is 1644
15 50 1.3 -1 -1 -1 -0.557433680268 -0.0491621149519
counter is 1645
15 50 1.3 -1 -1 1 0.187384152563 -0.0418721149519
counter is 1646
15 50 1.3 -1 1 -1 -0.984566149854 -0.876376709283
counter is 1647
15 50 1.3 -1 1 1 -0.86719203315 -0.803407049227
counter is 1648
15 50 1.3 0 -1 -1 -0.628762284148 -0.144076709283
counter is 1649
15 50 1.3 0 -1 1 0.0835805076426 -0.0391721149519
counter is 1650
15 50 1.3 0 1 -1 -0.917550649846 -0.814600185693
counter is 1651
15 50 1.3 0 1 1 -0.870675009806 -0.806107049227
counter is 1652
15 50 1.3 1 -1 -1 0.477092372892 -0.0970467092829
counter is 1653
15 50 1.3 1 -1 1 -0.468830433872 -0.20252006006
counter is 1654
15 50 1.3 1 1 -1 -0.972692476113 -0.861630185693
counter is 1655
15 50 1.3 1 1 1 -1.05783967183 -0.655877049227
counter is 1656
15 50 1.3 1.5 -1 -1 -0.586037180146 -0.299246709283
counter is 1657
15 50 1.3 1.5 -1 1 -0.88099957778 -0.791697049227
counter is 1658
15 50 1.3 1.5 1 -1 -1.08652451909 -0.651624012779
counter is 1659
15 50 1.3 1.5 1 1 -0.4651972184 -0.0789140127789
counter is 1660
15 50 1.5 -1.5 -1 -1 -1.88329732847 0.032466352459
counter is 1661
15 50 1.5 -1.5 -1 1 -0.499371228164 -0.120431123829
counter is 1662
15 50 1.5 -1.5 1 -1 -1.00139243357 -0.854166709283
counter is 1663
15 50 1.5 -1.5 1 1 -0.878588019332 -0.769557049227
counter is 1664
15 50 1.5 -1 -1 -1 -0.378709681538 -0.286540282948
counter is 1665
15 50 1.5 -1 -1 1 -0.301384303216 -0.0476021149519
counter is 1666
15 50 1.5 -1 1 -1 -1.00400444991 -0.855266709283
counter is 1667
15 50 1.5 -1 1 1 -0.880548409629 -0.769837049227
counter is 1668
15 50 1.5 0 -1 -1 -0.496755279775 -0.140706709283
counter is 1669
15 50 1.5 0 -1 1 0.19077783087 -0.0394521149519
counter is 1670
15 50 1.5 0 1 -1 -0.93325083526 -0.793630185693
counter is 1671
15 50 1.5 0 1 1 -0.886977203333 -0.777987049227
counter is 1672
15 50 1.5 1 -1 -1 0.226850102513 -0.115676709283
counter is 1673
15 50 1.5 1 -1 1 -0.569307486423 -0.16900006006
counter is 1674
15 50 1.5 1 1 -1 -0.964854678864 -0.818660185693
counter is 1675
15 50 1.5 1 1 1 -0.910645575286 -0.661557049227
counter is 1676
15 50 1.5 1.5 -1 -1 -0.256143194411 -0.132416709283
counter is 1677
15 50 1.5 1.5 -1 1 -0.903499686029 -0.761587049227
counter is 1678
15 50 1.5 1.5 1 -1 -0.962434073635 -0.794114012779
counter is 1679
15 50 1.5 1.5 1 1 -0.405654966313 -0.0232108124711
counter is 1680
15 100 -1.5 -1.5 -1 -1 -0.336652548829 0.052304686569
counter is 1681
15 100 -1.5 -1.5 -1 1 -0.103153337741 -0.260131123829
counter is 1682
15 100 -1.5 -1.5 1 -1 -0.131717903993 -0.347239093703
counter is 1683
15 100 -1.5 -1.5 1 1 -0.694425440066 -0.196336709283
counter is 1684
15 100 -1.5 -1 -1 -1 -0.0032461143336 -0.14062114923
counter is 1685
15 100 -1.5 -1 -1 1 0.0184675142248 -0.181322114952
counter is 1686
15 100 -1.5 -1 1 -1 -0.740463034033 -0.264879093703
counter is 1687
15 100 -1.5 -1 1 1 -1.00800409629 -0.202596709283
counter is 1688
15 100 -1.5 0 -1 -1 -8.27250166239e-05 -0.21645114923
counter is 1689
15 100 -1.5 0 -1 1 -0.107703670409 -0.302206709283
counter is 1690
15 100 -1.5 0 1 -1 -0.772779106477 -0.189049093703
counter is 1691
15 100 -1.5 0 1 1 -0.772637188781 -0.049137816092
counter is 1692
15 100 -1.5 1 -1 -1 -0.125935392919 -0.353399093703
counter is 1693
15 100 -1.5 1 -1 1 -0.112137381335 -0.336806709283
counter is 1694
15 100 -1.5 1 1 -1 -0.559473857715 -0.0879801856932
counter is 1695
15 100 -1.5 1 1 1 -0.623310912941 -0.237982128419
counter is 1696
15 100 -1.5 1.5 -1 -1 -0.123336699852 -0.353069093703
counter is 1697
15 100 -1.5 1.5 -1 1 -0.111933032305 -0.336936709283
counter is 1698
15 100 -1.5 1.5 1 -1 -1.1208255866 -0.213518368179
counter is 1699
15 100 -1.5 1.5 1 1 -0.100014107562 0.0483758551639
counter is 1700
15 100 -1.3 -1.5 -1 -1 -0.0754120378325 0.064774686569
counter is 1701
15 100 -1.3 -1.5 -1 1 -0.174646854153 -0.195121123829
counter is 1702
15 100 -1.3 -1.5 1 -1 0.0108109267595 -0.0806990937031
counter is 1703
15 100 -1.3 -1.5 1 1 0.084985694292 0.0288050373731
counter is 1704
15 100 -1.3 -1 -1 -1 0.219743975273 0.15619885077
counter is 1705
15 100 -1.3 -1 -1 1 0.065200969049 0.0315666254806
counter is 1706
15 100 -1.3 -1 1 -1 -0.352801261152 -0.282689093703
counter is 1707
15 100 -1.3 -1 1 1 -1.04990203226 -0.224794962627
counter is 1708
15 100 -1.3 0 -1 -1 0.0345332352273 -0.0164467092829
counter is 1709
15 100 -1.3 0 -1 1 0.0516309082933 -0.0066049626269
counter is 1710
15 100 -1.3 0 1 -1 -0.635166128487 -0.203919093703
counter is 1711
15 100 -1.3 0 1 1 -0.989106850862 -0.054587816092
counter is 1712
15 100 -1.3 1 -1 -1 0.02090502873 -0.0670790937031
counter is 1713
15 100 -1.3 1 -1 1 0.034388391786 -0.0453449626269
counter is 1714
15 100 -1.3 1 1 -1 -0.702484548062 -0.0952901856932
counter is 1715
15 100 -1.3 1 1 1 -0.695622565111 -0.164513425816
counter is 1716
15 100 -1.3 1.5 -1 -1 0.0214302026277 -0.0699790937031
counter is 1717
15 100 -1.3 1.5 -1 1 0.0336729660075 -0.0468449626269
counter is 1718
15 100 -1.3 1.5 1 -1 -1.42344730976 -0.254655782899
counter is 1719
15 100 -1.3 1.5 1 1 -0.277282721074 -0.0598346152791
counter is 1720
15 100 -1.0 -1.5 -1 -1 0.355008305733 0.074184686569
counter is 1721
15 100 -1.0 -1.5 -1 1 0.0848426037587 0.0261840456444
counter is 1722
15 100 -1.0 -1.5 1 -1 -0.0289714538032 -0.128864962627
counter is 1723
15 100 -1.0 -1.5 1 1 -0.0613814065 -0.0591949626269
counter is 1724
15 100 -1.0 -1 -1 -1 -0.372016394622 -0.150063374519
counter is 1725
15 100 -1.0 -1 -1 1 0.0149852681807 -0.0438033745194
counter is 1726
15 100 -1.0 -1 1 -1 -0.0333827645152 -0.117384962627
counter is 1727
15 100 -1.0 -1 1 1 -0.745559324508 -0.206044962627
counter is 1728
15 100 -1.0 0 -1 -1 -0.00817141051061 -0.0510149626269
counter is 1729
15 100 -1.0 0 -1 1 0.0095456714151 -0.0744649626269
counter is 1730
15 100 -1.0 0 1 -1 -0.437747128898 -0.150110185693
counter is 1731
15 100 -1.0 0 1 1 -0.550337061876 -0.043347816092
counter is 1732
15 100 -1.0 1 -1 -1 -0.0168333479436 -0.104034962627
counter is 1733
15 100 -1.0 1 -1 1 0.00436917344058 -0.0968649626269
counter is 1734
15 100 -1.0 1 1 -1 -0.54946163843 -0.0970901856932
counter is 1735
15 100 -1.0 1 1 1 -0.596396381146 -0.020947816092
counter is 1736
15 100 -1.0 1.5 -1 -1 -0.0144761439201 -0.107464962627
counter is 1737
15 100 -1.0 1.5 -1 1 0.00157748365469 -0.104984962627
counter is 1738
15 100 -1.0 1.5 1 -1 -1.29202112226 -0.353826499773
counter is 1739
15 100 -1.0 1.5 1 1 0.753908295227 -0.0583146152791
counter is 1740
15 100 0 -1.5 -1 -1 -0.136509857174 0.0696340456444
counter is 1741
15 100 0 -1.5 -1 1 -0.453668023087 -0.126881123829
counter is 1742
15 100 0 -1.5 1 -1 -0.304675703758 -0.332383374519
counter is 1743
15 100 0 -1.5 1 1 -0.25308427944 -0.314449093703
counter is 1744
15 100 0 -1 -1 -1 -0.359264551784 -0.146673374519
counter is 1745
15 100 0 -1 -1 1 -0.521971115971 -0.122822114952
counter is 1746
15 100 0 -1 1 -1 -0.229005814259 -0.266590185693
counter is 1747
15 100 0 -1 1 1 -0.237195247602 -0.245959093703
counter is 1748
15 100 0 0 -1 -1 -0.359274851506 -0.149253374519
counter is 1749
15 100 0 0 -1 1 -0.272827225658 -0.304864962627
counter is 1750
15 100 0 0 1 -1 -0.243573911359 -0.264010185693
counter is 1751
15 100 0 0 1 1 -0.557511797546 -0.159029093703
counter is 1752
15 100 0 1 -1 -1 -0.312688785861 -0.270473374519
counter is 1753
15 100 0 1 -1 1 -0.244315359287 -0.309129093703
counter is 1754
15 100 0 1 1 -1 -0.403722910764 -0.142790185693
counter is 1755
15 100 0 1 1 1 -0.358669579218 0.00274218478505
counter is 1756
15 100 0 1.5 -1 -1 -0.228808480183 -0.235523374519
counter is 1757
15 100 0 1.5 -1 1 -0.253492024575 -0.331879093703
counter is 1758
15 100 0 1.5 1 -1 -0.880018589167 -0.107425239692
counter is 1759
15 100 0 1.5 1 1 0.486654459836 0.025492184785
counter is 1760
15 100 1.0 -1.5 -1 -1 -0.767366949209 0.0655040456444
counter is 1761
15 100 1.0 -1.5 -1 1 -0.889665222695 -0.129511123829
counter is 1762
15 100 1.0 -1.5 1 -1 -0.111571868969 -0.352638482633
counter is 1763
15 100 1.0 -1.5 1 1 -0.0948766612385 -0.414458482633
counter is 1764
15 100 1.0 -1 -1 -1 -0.691644683041 0.0607240456444
counter is 1765
15 100 1.0 -1 -1 1 -0.334490350836 -0.0499921149519
counter is 1766
15 100 1.0 -1 1 -1 -0.109537334194 -0.347858482633
counter is 1767
15 100 1.0 -1 1 1 -0.100716285704 -0.421428482633
counter is 1768
15 100 1.0 0 -1 -1 -0.324229105183 -0.137226709283
counter is 1769
15 100 1.0 0 -1 1 -0.689803435588 -0.121282114952
counter is 1770
15 100 1.0 0 1 -1 -0.121733358638 -0.358418482633
counter is 1771
15 100 1.0 0 1 1 -0.0702437642807 -0.350138482633
counter is 1772
15 100 1.0 1 -1 -1 -0.0877299716369 -0.0944084826325
counter is 1773
15 100 1.0 1 -1 1 -0.142368003399 -0.448618482633
counter is 1774
15 100 1.0 1 1 -1 -0.0984743251134 -0.343240185693
counter is 1775
15 100 1.0 1 1 1 -0.0816431715423 -0.0650570492268
counter is 1776
15 100 1.0 1.5 -1 -1 -0.13484772576 -0.181068482633
counter is 1777
15 100 1.0 1.5 -1 1 -0.103940139858 -0.427008482633
counter is 1778
15 100 1.0 1.5 1 -1 -0.390142326813 -0.248774012779
counter is 1779
15 100 1.0 1.5 1 1 -0.11122925211 -0.0117708124711
counter is 1780
15 100 1.3 -1.5 -1 -1 -0.0102596045126 0.211175286885
counter is 1781
15 100 1.3 -1.5 -1 1 -0.699096705574 -0.122381123829
counter is 1782
15 100 1.3 -1.5 1 -1 -0.100351224476 -0.395166709283
counter is 1783
15 100 1.3 -1.5 1 1 -0.0279154553872 -0.382737049227
counter is 1784
15 100 1.3 -1 -1 -1 -1.09506477142 -0.0545621149519
counter is 1785
15 100 1.3 -1 -1 1 -0.0742933538376 -0.0439621149519
counter is 1786
15 100 1.3 -1 1 -1 -0.0977445721878 -0.389716709283
counter is 1787
15 100 1.3 -1 1 1 -0.0318414829238 -0.388607049227
counter is 1788
15 100 1.3 0 -1 -1 -0.632080309703 -0.147486709283
counter is 1789
15 100 1.3 0 -1 1 -0.139605265776 -0.0432521149519
counter is 1790
15 100 1.3 0 1 -1 -0.028176775759 -0.329930185693
counter is 1791
15 100 1.3 0 1 1 -0.0346607602451 -0.389317049227
counter is 1792
15 100 1.3 1 -1 -1 -0.0255386764261 -0.108856709283
counter is 1793
15 100 1.3 1 -1 1 -0.145161172432 -0.14952006006
counter is 1794
15 100 1.3 1 1 -1 -0.059595349503 -0.368560185693
counter is 1795
15 100 1.3 1 1 1 -0.246335850177 -0.296167049227
counter is 1796
15 100 1.3 1.5 -1 -1 -0.161165852117 -0.138486709283
counter is 1797
15 100 1.3 1.5 -1 1 -0.0437821880217 -0.383907049227
counter is 1798
15 100 1.3 1.5 1 -1 -0.254785362616 -0.331124012779
counter is 1799
15 100 1.3 1.5 1 1 -0.288830460944 -0.0739940127789
counter is 1800
15 100 1.5 -1.5 -1 -1 -2.61520779063 0.213065286885
counter is 1801
15 100 1.5 -1.5 -1 1 -0.536965810752 -0.120761123829
counter is 1802
15 100 1.5 -1.5 1 -1 -0.244275801433 -0.506516709283
counter is 1803
15 100 1.5 -1.5 1 1 -0.171353076099 -0.493217049227
counter is 1804
15 100 1.5 -1 -1 -1 -0.202046921671 -0.0467521149519
counter is 1805
15 100 1.5 -1 -1 1 -0.270788350343 -0.0475121149519
counter is 1806
15 100 1.5 -1 1 -1 -0.245563617546 -0.506986709283
counter is 1807
15 100 1.5 -1 1 1 -0.174295665806 -0.493917049227
counter is 1808
15 100 1.5 0 -1 -1 -0.435460331132 -0.140556709283
counter is 1809
15 100 1.5 0 -1 1 0.141286105999 -0.0355521149519
counter is 1810
15 100 1.5 0 1 -1 -0.174878996967 -0.446320185693
counter is 1811
15 100 1.5 0 1 1 -0.181482760797 -0.505877049227
counter is 1812
15 100 1.5 1 -1 -1 -0.114027027628 -0.121366709283
counter is 1813
15 100 1.5 1 -1 1 -0.368977645546 -0.18095006006
counter is 1814
15 100 1.5 1 1 -1 -0.195230784618 -0.465510185693
counter is 1815
15 100 1.5 1 1 1 -0.22669034945 -0.373597049227
counter is 1816
15 100 1.5 1.5 -1 -1 -0.256411791543 -0.129436709283
counter is 1817
15 100 1.5 1.5 -1 1 -0.194064182281 -0.490147049227
counter is 1818
15 100 1.5 1.5 1 -1 -0.198319695911 -0.449634012779
counter is 1819
15 100 1.5 1.5 1 1 -0.240056997552 -0.0186408124711
counter is 1820
15 250 -1.5 -1.5 -1 -1 -0.0445100402522 0.064274686569
counter is 1821
15 250 -1.5 -1.5 -1 1 0.295454848184 0.323838876171
counter is 1822
15 250 -1.5 -1.5 1 -1 0.278430820072 0.248420906297
counter is 1823
15 250 -1.5 -1.5 1 1 -0.684205762568 -0.249146709283
counter is 1824
15 250 -1.5 -1 -1 -1 0.477521578578 0.60678885077
counter is 1825
15 250 -1.5 -1 -1 1 0.409693383553 0.411867885048
counter is 1826
15 250 -1.5 -1 1 -1 -0.727945300614 -0.404659093703
counter is 1827
15 250 -1.5 -1 1 1 -1.09390851153 -0.264626709283
counter is 1828
15 250 -1.5 0 -1 -1 0.444576074151 0.49045885077
counter is 1829
15 250 -1.5 0 -1 1 0.264599126432 0.249083290717
counter is 1830
15 250 -1.5 0 1 -1 -1.11130862296 -0.288329093703
counter is 1831
15 250 -1.5 0 1 1 -1.00521746038 -0.069267816092
counter is 1832
15 250 -1.5 1 -1 -1 0.290041429122 0.283710906297
counter is 1833
15 250 -1.5 1 -1 1 0.257528266963 0.201493290717
counter is 1834
15 250 -1.5 1 1 -1 -1.12451061061 -0.117460185693
counter is 1835
15 250 -1.5 1 1 1 -1.29918039836 -0.021677816092
counter is 1836
15 250 -1.5 1.5 -1 -1 0.286759914747 0.261860906297
counter is 1837
15 250 -1.5 1.5 -1 1 0.256083343902 0.194153290717
counter is 1838
15 250 -1.5 1.5 1 -1 -1.04652381721 -0.0094778283384
counter is 1839
15 250 -1.5 1.5 1 1 -0.206966450316 -0.048193837608
counter is 1840
15 250 -1.3 -1.5 -1 -1 -0.0208342417595 0.066244686569
counter is 1841
15 250 -1.3 -1.5 -1 1 0.137048669341 0.064018876171
counter is 1842
15 250 -1.3 -1.5 1 -1 0.232736803943 0.0340709062969
counter is 1843
15 250 -1.3 -1.5 1 1 -0.193132234668 -0.218344962627
counter is 1844
15 250 -1.3 -1 -1 -1 0.486565970267 0.54808885077
counter is 1845
15 250 -1.3 -1 -1 1 0.219330282214 0.114266625481
counter is 1846
15 250 -1.3 -1 1 -1 -0.167998408681 -0.558339093703
counter is 1847
15 250 -1.3 -1 1 1 -1.09662724465 -0.295504962627
counter is 1848
15 250 -1.3 0 -1 -1 0.270669324184 0.273373290717
counter is 1849
15 250 -1.3 0 -1 1 0.217903146354 0.0330450373731
counter is 1850
15 250 -1.3 0 1 -1 -0.954408870052 -0.377499093703
counter is 1851
15 250 -1.3 0 1 1 -1.2294233837 -0.082247816092
counter is 1852
15 250 -1.3 1 -1 -1 0.242549577665 0.0789009062969
counter is 1853
15 250 -1.3 1 -1 1 0.213200683647 -0.0273049626269
counter is 1854
15 250 -1.3 1 1 -1 -1.10294155062 -0.125030185693
counter is 1855
15 250 -1.3 1 1 1 -1.05065785792 -0.021897816092
counter is 1856
15 250 -1.3 1.5 -1 -1 0.242743559955 0.0565909062969
counter is 1857
15 250 -1.3 1.5 -1 1 0.212863326686 -0.0347849626269
counter is 1858
15 250 -1.3 1.5 1 -1 -1.3274380785 -0.0165878283384
counter is 1859
15 250 -1.3 1.5 1 1 0.126209833389 0.157514120148
counter is 1860
15 250 -1.0 -1.5 -1 -1 0.552114812835 0.089764686569
counter is 1861
15 250 -1.0 -1.5 -1 1 0.184017040512 -0.0915359543556
counter is 1862
15 250 -1.0 -1.5 1 -1 0.212061451457 -0.126494962627
counter is 1863
15 250 -1.0 -1.5 1 1 0.0880586281879 -0.0055149626269
counter is 1864
15 250 -1.0 -1 -1 -1 -0.0708818945972 -0.0997833745194
counter is 1865
15 250 -1.0 -1 -1 1 0.206294908868 -0.000433374519393
counter is 1866
15 250 -1.0 -1 1 -1 0.188212632653 -0.149714962627
counter is 1867
15 250 -1.0 -1 1 1 -0.905050130917 -0.313454962627
counter is 1868
15 250 -1.0 0 -1 -1 0.198895403936 0.0550550373731
counter is 1869
15 250 -1.0 0 -1 1 0.216516909089 -0.0850249626269
counter is 1870
15 250 -1.0 0 1 -1 -0.490055359666 -0.238230185693
counter is 1871
15 250 -1.0 0 1 1 -0.922565313103 -0.096827816092
counter is 1872
15 250 -1.0 1 -1 -1 0.216947076339 -0.0481949626269
counter is 1873
15 250 -1.0 1 -1 1 0.219156758268 -0.151354962627
counter is 1874
15 250 -1.0 1 1 -1 -0.899797042029 -0.134980185693
counter is 1875
15 250 -1.0 1 1 1 -0.967451666545 -0.030497816092
counter is 1876
15 250 -1.0 1.5 -1 -1 0.22110864052 -0.0781849626269
counter is 1877
15 250 -1.0 1.5 -1 1 0.221342573781 -0.167254962627
counter is 1878
15 250 -1.0 1.5 1 -1 -1.12688087106 -0.0971840127789
counter is 1879
15 250 -1.0 1.5 1 1 0.124144121833 0.157334120148
counter is 1880
15 250 0 -1.5 -1 -1 -0.252192556544 0.0672640456444
counter is 1881
15 250 0 -1.5 -1 1 -0.403748356194 -0.130171123829
counter is 1882
15 250 0 -1.5 1 -1 0.00480331233058 -0.457923374519
counter is 1883
15 250 0 -1.5 1 1 0.141983487458 -0.645419093703
counter is 1884
15 250 0 -1 -1 -1 -0.0835201199614 -0.124023374519
counter is 1885
15 250 0 -1 -1 1 0.284308356941 0.136547885048
counter is 1886
15 250 0 -1 1 -1 0.080501429471 -0.417150185693
counter is 1887
15 250 0 -1 1 1 -1.15894441442 -0.839589093703
counter is 1888
15 250 0 0 -1 -1 -0.246156606453 -0.132143374519
counter is 1889
15 250 0 0 -1 1 0.0373400798839 -0.596384962627
counter is 1890
15 250 0 0 1 -1 0.0458674907774 -0.409030185693
counter is 1891
15 250 0 0 1 1 -0.566376721534 -0.201769093703
counter is 1892
15 250 0 1 -1 -1 -0.0428506576985 -0.195313374519
counter is 1893
15 250 0 1 -1 1 0.156506339333 -0.632829093703
counter is 1894
15 250 0 1 1 -1 -0.566843629778 -0.345860185693
counter is 1895
15 250 0 1 1 1 -0.36552891009 -0.00781781521495
counter is 1896
15 250 0 1.5 -1 -1 0.00224785968777 -0.287613374519
counter is 1897
15 250 0 1.5 -1 1 0.209774173032 -0.666309093703
counter is 1898
15 250 0 1.5 1 -1 -0.942667610895 -0.183245239692
counter is 1899
15 250 0 1.5 1 1 0.198946632359 0.025662184785
counter is 1900
15 250 1.0 -1.5 -1 -1 -0.415329818847 0.0669940456444
counter is 1901
15 250 1.0 -1.5 -1 1 -0.852643644136 -0.133711123829
counter is 1902
15 250 1.0 -1.5 1 -1 0.366184603874 -0.324888482633
counter is 1903
15 250 1.0 -1.5 1 1 0.422975965583 -0.524998482633
counter is 1904
15 250 1.0 -1 -1 -1 -0.186993612328 0.0665840456444
counter is 1905
15 250 1.0 -1 -1 1 0.0489225491662 -0.0328921149519
counter is 1906
15 250 1.0 -1 1 -1 0.363897534303 -0.324478482633
counter is 1907
15 250 1.0 -1 1 1 0.415247475871 -0.553268482633
counter is 1908
15 250 1.0 0 -1 -1 -0.330556488734 -0.138866709283
counter is 1909
15 250 1.0 0 -1 1 -0.579821887301 -0.155972114952
counter is 1910
15 250 1.0 0 1 -1 0.359433473157 -0.327538482633
counter is 1911
15 250 1.0 0 1 1 0.405416679014 -0.430188482633
counter is 1912
15 250 1.0 1 -1 -1 -0.0183625632232 -0.0538084826325
counter is 1913
15 250 1.0 1 -1 1 0.376649675282 -0.512648482633
counter is 1914
15 250 1.0 1 1 -1 0.395750375451 -0.354600185693
counter is 1915
15 250 1.0 1 1 1 -0.324563887131 -0.115767049227
counter is 1916
15 250 1.0 1.5 -1 -1 0.153333559411 -0.0679284826325
counter is 1917
15 250 1.0 1.5 -1 1 0.41452898665 -0.529788482633
counter is 1918
15 250 1.0 1.5 1 -1 -0.219897684178 -0.332674012779
counter is 1919
15 250 1.0 1.5 1 1 -0.332367465314 -0.0237308124711
counter is 1920
15 250 1.3 -1.5 -1 -1 -0.0102596045126 0.211175286885
counter is 1921
15 250 1.3 -1.5 -1 1 -0.294904328193 -0.119091123829
counter is 1922
15 250 1.3 -1.5 1 -1 -0.982176983136 -0.707236709283
counter is 1923
15 250 1.3 -1.5 1 1 0.411350021617 -0.748147049227
counter is 1924
15 250 1.3 -1 -1 -1 -0.166663039851 -0.0461421149519
counter is 1925
15 250 1.3 -1 -1 1 0.261719885312 -0.0289121149519
counter is 1926
15 250 1.3 -1 1 -1 -0.964783688296 -0.710206709283
counter is 1927
15 250 1.3 -1 1 1 0.364394978152 -0.765777049227
counter is 1928
15 250 1.3 0 -1 -1 -0.41794016384 -0.143006709283
counter is 1929
15 250 1.3 0 -1 1 -0.03987240287 -0.0316821149519
counter is 1930
15 250 1.3 0 1 -1 -0.912496453837 -0.646480185693
counter is 1931
15 250 1.3 0 1 1 0.371291642728 -0.763007049227
counter is 1932
15 250 1.3 1 -1 -1 0.0608980729323 -0.0644167092829
counter is 1933
15 250 1.3 1 -1 1 0.191833286065 0.0652399399399
counter is 1934
15 250 1.3 1 1 -1 -0.738376123633 -0.725070185693
counter is 1935
15 250 1.3 1 1 1 -0.0382009682518 -0.873047049227
counter is 1936
15 250 1.3 1.5 -1 -1 0.026906388396 -0.0825267092829
counter is 1937
15 250 1.3 1.5 -1 1 -0.925768350263 -0.730077049227
counter is 1938
15 250 1.3 1.5 1 -1 0.149569514285 -0.699154012779
counter is 1939
15 250 1.3 1.5 1 1 -0.410160039054 -0.0899440127789
counter is 1940
15 250 1.5 -1.5 -1 -1 -2.61520779063 0.213065286885
counter is 1941
15 250 1.5 -1.5 -1 1 -0.106470448386 -0.117481123829
counter is 1942
15 250 1.5 -1.5 1 -1 -1.00827882365 -0.826896709283
counter is 1943
15 250 1.5 -1.5 1 1 0.168684496502 -0.815547049227
counter is 1944
15 250 1.5 -1 -1 -1 0.597792182601 -0.0383321149519
counter is 1945
15 250 1.5 -1 -1 1 -0.0266359376248 -0.0414121149519
counter is 1946
15 250 1.5 -1 1 -1 -1.02623193901 -0.835786709283
counter is 1947
15 250 1.5 -1 1 1 0.142428128251 -0.819067049227
counter is 1948
15 250 1.5 0 -1 -1 -0.377945326716 -0.140086709283
counter is 1949
15 250 1.5 0 -1 1 0.137820488657 -0.0262321149519
counter is 1950
15 250 1.5 0 1 -1 -0.945204466928 -0.767170185693
counter is 1951
15 250 1.5 0 1 1 0.114057818088 -0.834247049227
counter is 1952
15 250 1.5 1 -1 -1 -0.0487978325341 -0.0968367092829
counter is 1953
15 250 1.5 1 -1 1 -0.0487879447337 -0.0682800600601
counter is 1954
15 250 1.5 1 1 -1 -0.992222283213 -0.810420185693
counter is 1955
15 250 1.5 1 1 1 -1.06064025273 -0.805317049227
counter is 1956
15 250 1.5 1.5 -1 -1 -0.137135187659 -0.0967867092829
counter is 1957
15 250 1.5 1.5 -1 1 0.332017697352 -0.795997049227
counter is 1958
15 250 1.5 1.5 1 -1 -1.00786221689 -0.802664012779
counter is 1959
15 250 1.5 1.5 1 1 -0.285754103678 -0.0318408124711
counter is 1960
20 1 -1.5 -1.5 -1 -1 -0.43800188281 -0.211266858791
counter is 1961
20 1 -1.5 -1.5 -1 1 -1.37540911133 -0.10586326942
counter is 1962
20 1 -1.5 -1.5 1 -1 0.28573211476 -0.0132011492299
counter is 1963
20 1 -1.5 -1.5 1 1 0.0669362895363 -0.0451221149519
counter is 1964
20 1 -1.5 -1 -1 -1 0.193390670047 -0.041280625543
counter is 1965
20 1 -1.5 -1 -1 1 -1.46483330428 -0.193781123829
counter is 1966
20 1 -1.5 -1 1 -1 0.0294466578668 -0.0390711492299
counter is 1967
20 1 -1.5 -1 1 1 -0.206367177277 -0.0686784318538
counter is 1968
20 1 -1.5 0 -1 -1 0.264629850145 -0.0145111492299
counter is 1969
20 1 -1.5 0 -1 1 -1.35690120155 -0.121162114952
counter is 1970
20 1 -1.5 0 1 -1 0.0193572502169 -0.227710275374
counter is 1971
20 1 -1.5 0 1 1 -0.357870848933 -0.244134991412
counter is 1972
20 1 -1.5 1 -1 -1 0.291616295437 -0.0128111492299
counter is 1973
20 1 -1.5 1 -1 1 -1.35962011568 -0.121352114952
counter is 1974
20 1 -1.5 1 1 -1 -1.35212133738 -0.391061206399
counter is 1975
20 1 -1.5 1 1 1 -0.0916775309497 -0.446349536266
counter is 1976
20 1 -1.5 1.5 -1 -1 0.283943745639 -0.0132811492299
counter is 1977
20 1 -1.5 1.5 -1 1 -1.35231933727 -0.120872114952
counter is 1978
20 1 -1.5 1.5 1 -1 -0.0853822420655 -0.400592640948
counter is 1979
20 1 -1.5 1.5 1 1 -2.32565919373 -0.0918518227952
counter is 1980
20 1 -1.3 -1.5 -1 -1 -1.28313902755 -0.214254590188
counter is 1981
20 1 -1.3 -1.5 -1 1 -0.866325454024 -0.06522326942
counter is 1982
20 1 -1.3 -1.5 1 -1 0.656477019586 0.00232885077012
counter is 1983
20 1 -1.3 -1.5 1 1 -0.678822871025 -0.0592921149519
counter is 1984
20 1 -1.3 -1 -1 -1 0.224058825228 -0.0936431005556
counter is 1985
20 1 -1.3 -1 -1 1 -1.10468338893 -0.165891123829
counter is 1986
20 1 -1.3 -1 1 -1 0.4373722498 -0.0207411492299
counter is 1987
20 1 -1.3 -1 1 1 -0.352036240944 -0.0112588600259
counter is 1988
20 1 -1.3 0 -1 -1 0.674218089755 0.00308885077012
counter is 1989
20 1 -1.3 0 -1 1 -1.02340747403 -0.0949021149519
counter is 1990
20 1 -1.3 0 1 -1 -1.04212801114 -0.231360275374
counter is 1991
20 1 -1.3 0 1 1 -0.274920211397 -0.253635653323
counter is 1992
20 1 -1.3 1 -1 -1 0.641944406849 0.00157885077012
counter is 1993
20 1 -1.3 1 -1 1 -1.02749863322 -0.0951521149519
counter is 1994
20 1 -1.3 1 1 -1 -1.95938821769 -0.391501206399
counter is 1995
20 1 -1.3 1 1 1 0.193937361743 -0.446079536266
counter is 1996
20 1 -1.3 1.5 -1 -1 0.627960965423 0.00084885077012
counter is 1997
20 1 -1.3 1.5 -1 1 -1.01499005749 -0.0944021149519
counter is 1998
20 1 -1.3 1.5 1 -1 -0.929402234924 -0.400772640948
counter is 1999
20 1 -1.3 1.5 1 1 -2.32565919373 -0.0918518227952
counter is 2000
20 1 -1.0 -1.5 -1 -1 -0.0264339029478 -0.212164590188
counter is 2001
20 1 -1.0 -1.5 -1 1 -0.935156842195 -0.06034326942
counter is 2002
20 1 -1.0 -1.5 1 -1 -0.183171301127 -0.0423111492299
counter is 2003
20 1 -1.0 -1.5 1 1 -0.960594371901 -0.0757121149519
counter is 2004
20 1 -1.0 -1 -1 -1 0.0510183589556 -0.0853523157933
counter is 2005
20 1 -1.0 -1 -1 1 -1.33970189545 -0.176431123829
counter is 2006
20 1 -1.0 -1 1 -1 -0.196387596542 -0.0431111492299
counter is 2007
20 1 -1.0 -1 1 1 -0.489089152706 -0.0122588600259
counter is 2008
20 1 -1.0 0 -1 -1 -0.107930716458 -0.0377811492299
counter is 2009
20 1 -1.0 0 -1 1 -1.27361429545 -0.106392114952
counter is 2010
20 1 -1.0 0 1 -1 -0.993324739674 -0.0781988149645
counter is 2011
20 1 -1.0 0 1 1 -0.273207773024 -0.255624280741
counter is 2012
20 1 -1.0 1 -1 -1 -0.140857738504 -0.0397511492299
counter is 2013
20 1 -1.0 1 -1 1 -1.27356049853 -0.106422114952
counter is 2014
20 1 -1.0 1 1 -1 -2.25686122792 -0.392721206399
counter is 2015
20 1 -1.0 1 1 1 0.00684813886803 -0.446349536266
counter is 2016
20 1 -1.0 1.5 -1 -1 -0.165004689865 -0.0412111492299
counter is 2017
20 1 -1.0 1.5 -1 1 -1.26499580417 -0.105942114952
counter is 2018
20 1 -1.0 1.5 1 -1 -1.48229511156 -0.401262640948
counter is 2019
20 1 -1.0 1.5 1 1 -2.32565919373 -0.0918518227952
counter is 2020
20 1 0 -1.5 -1 -1 -2.28807040292 -0.236370053518
counter is 2021
20 1 0 -1.5 -1 1 -2.16557576565 -0.30126334216
counter is 2022
20 1 0 -1.5 1 -1 1.20003527607 -0.0145801856932
counter is 2023
20 1 0 -1.5 1 1 -1.43321282907 -0.101265919368
counter is 2024
20 1 0 -1 -1 -1 -0.786925305131 -0.068400625543
counter is 2025
20 1 0 -1 -1 1 -1.18775895045 -0.247484743701
counter is 2026
20 1 0 -1 1 -1 1.17737172936 -0.0156101856932
counter is 2027
20 1 0 -1 1 1 -1.42694143972 -0.100645919368
counter is 2028
20 1 0 0 -1 -1 -0.829279267233 -0.00768877598455
counter is 2029
20 1 0 0 -1 1 -1.43982450552 -0.0892288600259
counter is 2030
20 1 0 0 1 -1 1.18352848664 -0.0371646345924
counter is 2031
20 1 0 0 1 1 -1.03868960149 -0.0850927375652
counter is 2032
20 1 0 1 -1 -1 1.3312605297 0.0593412240155
counter is 2033
20 1 0 1 -1 1 -1.45749430739 -0.102705919368
counter is 2034
20 1 0 1 1 -1 -0.99039815844 -0.367822685517
counter is 2035
20 1 0 1 1 1 -1.38799439082 -0.235050277195
counter is 2036
20 1 0 1.5 -1 -1 1.12738567336 -0.0178401856932
counter is 2037
20 1 0 1.5 -1 1 -1.47841969019 -0.104065919368
counter is 2038
20 1 0 1.5 1 -1 0.0630580171532 -0.258418370434
counter is 2039
20 1 0 1.5 1 1 -0.862348418409 -0.223101989549
counter is 2040
20 1 1.0 -1.5 -1 -1 -1.36041233851 -0.199999799315
counter is 2041
20 1 1.0 -1.5 -1 1 -0.0467108712865 -0.303737938979
counter is 2042
20 1 1.0 -1.5 1 -1 0.695724479616 -0.0495946345924
counter is 2043
20 1 1.0 -1.5 1 1 -0.071374413501 -0.041039209817
counter is 2044
20 1 1.0 -1 -1 -1 -0.970389347243 -0.292157189961
counter is 2045
20 1 1.0 -1 -1 1 -0.0368007914777 -0.302477938979
counter is 2046
20 1 1.0 -1 1 -1 0.693688420507 -0.0497146345924
counter is 2047
20 1 1.0 -1 1 1 -0.0910913754716 -0.042299209817
counter is 2048
20 1 1.0 0 -1 -1 -1.79510980648 -0.107606701574
counter is 2049
20 1 1.0 0 -1 1 -0.599927470632 -0.0245888600259
counter is 2050
20 1 1.0 0 1 -1 0.753249738816 -0.0465246345924
counter is 2051
20 1 1.0 0 1 1 -0.111451419403 -0.311222437225
counter is 2052
20 1 1.0 1 -1 -1 -0.308117174615 -0.112093566463
counter is 2053
20 1 1.0 1 -1 1 -0.0707408183861 -0.041029209817
counter is 2054
20 1 1.0 1 1 -1 0.378743105649 -0.313902685517
counter is 2055
20 1 1.0 1 1 1 -0.357769965986 -0.233288128655
counter is 2056
20 1 1.0 1.5 -1 -1 0.956246430229 -0.0524546345924
counter is 2057
20 1 1.0 1.5 -1 1 -0.061114037231 -0.040389209817
counter is 2058
20 1 1.0 1.5 1 -1 -0.477542174486 -0.275273781153
counter is 2059
20 1 1.0 1.5 1 1 -0.515308404965 -0.237293152014
counter is 2060
20 1 1.3 -1.5 -1 -1 -31.7490157328 -0.00423643442623
counter is 2061
20 1 1.3 -1.5 -1 1 0.335873200102 -0.360016328145
counter is 2062
20 1 1.3 -1.5 1 -1 -0.458792260933 -0.121083566463
counter is 2063
20 1 1.3 -1.5 1 1 -0.89106379324 -0.100789209817
counter is 2064
20 1 1.3 -1 -1 -1 -0.851013687888 -0.291837189961
counter is 2065
20 1 1.3 -1 -1 1 -0.671666352954 -0.303285008202
counter is 2066
20 1 1.3 -1 1 -1 -0.455742752797 -0.120903566463
counter is 2067
20 1 1.3 -1 1 1 -0.878933944024 -0.099889209817
counter is 2068
20 1 1.3 0 -1 -1 -1.8923196365 -0.254969264335
counter is 2069
20 1 1.3 0 -1 1 0.249249764692 -0.00473886002591
counter is 2070
20 1 1.3 0 1 -1 -0.41514584256 -0.118493566463
counter is 2071
20 1 1.3 0 1 1 -1.35473282905 -0.385139737551
counter is 2072
20 1 1.3 1 -1 -1 -0.283688173586 -0.112023566463
counter is 2073
20 1 1.3 1 -1 1 -0.0746276581777 -0.046529209817
counter is 2074
20 1 1.3 1 1 -1 -0.73983472253 -0.327773955867
counter is 2075
20 1 1.3 1 1 1 -1.29673240859 -0.300877358478
counter is 2076
20 1 1.3 1.5 -1 -1 -0.320206812536 -0.112383566463
counter is 2077
20 1 1.3 1.5 -1 1 -0.855132362061 -0.098079209817
counter is 2078
20 1 1.3 1.5 1 -1 -0.73152264169 -0.286213781153
counter is 2079
20 1 1.3 1.5 1 1 -0.990653011194 -0.252729168373
counter is 2080
20 1 1.5 -1.5 -1 -1 -2.39233737711 0.0259369320017
counter is 2081
20 1 1.5 -1.5 -1 1 0.335873200102 -0.360016328145
counter is 2082
20 1 1.5 -1.5 1 -1 -0.117339575829 -0.101283566463
counter is 2083
20 1 1.5 -1.5 1 1 -0.152588771721 -0.104813566463
counter is 2084
20 1 1.5 -1 -1 -1 -0.603292718374 -0.291647189961
counter is 2085
20 1 1.5 -1 -1 1 -1.15382616588 -0.303915008202
counter is 2086
20 1 1.5 -1 1 -1 -0.11826162137 -0.101333566463
counter is 2087
20 1 1.5 -1 1 1 -0.119412918598 -0.103283566463
counter is 2088
20 1 1.5 0 -1 -1 -1.42680344439 -0.253719264335
counter is 2089
20 1 1.5 0 -1 1 0.345047130196 -0.0613984318538
counter is 2090
20 1 1.5 0 1 -1 -0.0943240454151 -0.0999835664633
counter is 2091
20 1 1.5 0 1 1 -0.58407201953 -0.330129737551
counter is 2092
20 1 1.5 1 -1 -1 -0.0155564269179 -0.111083566463
counter is 2093
20 1 1.5 1 -1 1 -0.093694556459 -0.106213566463
counter is 2094
20 1 1.5 1 1 -1 -0.44884422222 -0.346836711358
counter is 2095
20 1 1.5 1 1 1 -0.44422338997 -0.245217358478
counter is 2096
20 1 1.5 1.5 -1 -1 -0.0429310353687 -0.110723566463
counter is 2097
20 1 1.5 1.5 -1 1 -0.0785388049719 -0.101423566463
counter is 2098
20 1 1.5 1.5 1 -1 -0.364336080217 -0.268113781153
counter is 2099
20 1 1.5 1.5 1 1 -1.18828609778 -0.253409168373
counter is 2100
20 5 -1.5 -1.5 -1 -1 0.396188769618 -0.0456614940694
counter is 2101
20 5 -1.5 -1.5 -1 1 -0.76751952889 -0.244470310939
counter is 2102
20 5 -1.5 -1.5 1 -1 -0.322994098943 -0.0634411492299
counter is 2103
20 5 -1.5 -1.5 1 1 -0.10096397392 -0.0450521149519
counter is 2104
20 5 -1.5 -1 -1 -1 -0.103208973666 -0.049680625543
counter is 2105
20 5 -1.5 -1 -1 1 -0.712383836861 -0.188641123829
counter is 2106
20 5 -1.5 -1 1 -1 -1.00025741996 -0.0762111492299
counter is 2107
20 5 -1.5 -1 1 1 0.5749007272 -0.0377821149519
counter is 2108
20 5 -1.5 0 -1 -1 -0.287050295058 -0.0584411492299
counter is 2109
20 5 -1.5 0 -1 1 -0.550128365899 -0.106282114952
counter is 2110
20 5 -1.5 0 1 -1 -0.595472151354 -0.24171209284
counter is 2111
20 5 -1.5 0 1 1 -0.679413438973 -0.187134344035
counter is 2112
20 5 -1.5 1 -1 -1 -0.279233926766 -0.0573511492299
counter is 2113
20 5 -1.5 1 -1 1 -0.560500182799 -0.108082114952
counter is 2114
20 5 -1.5 1 1 -1 -1.69955418306 -0.442906997115
counter is 2115
20 5 -1.5 1 1 1 0.155618640517 -0.453533577751
counter is 2116
20 5 -1.5 1.5 -1 -1 -0.284546204575 -0.0581611492299
counter is 2117
20 5 -1.5 1.5 -1 1 -0.553374545729 -0.106872114952
counter is 2118
20 5 -1.5 1.5 1 -1 -1.48635732918 -0.427306107191
counter is 2119
20 5 -1.5 1.5 1 1 -1.64354752328 -0.0804879248388
counter is 2120
20 5 -1.3 -1.5 -1 -1 -0.165906094616 -0.0512722417112
counter is 2121
20 5 -1.3 -1.5 -1 1 -0.811703925312 -0.232400310939
counter is 2122
20 5 -1.3 -1.5 1 -1 -0.525197244371 -0.0879011492299
counter is 2123
20 5 -1.3 -1.5 1 1 -0.498043662636 -0.0642221149519
counter is 2124
20 5 -1.3 -1 -1 -1 -1.03294901112 -0.188093100556
counter is 2125
20 5 -1.3 -1 -1 1 -0.803202675993 -0.191161123829
counter is 2126
20 5 -1.3 -1 1 -1 0.151310033346 -0.0146311492299
counter is 2127
20 5 -1.3 -1 1 1 0.120702300417 -0.0423621149519
counter is 2128
20 5 -1.3 0 -1 -1 -0.590338497985 -0.0959411492299
counter is 2129
20 5 -1.3 0 -1 1 -0.644616125517 -0.111712114952
counter is 2130
20 5 -1.3 0 1 -1 -0.169460265885 -0.23306209284
counter is 2131
20 5 -1.3 0 1 1 -1.10569464601 -0.206045723345
counter is 2132
20 5 -1.3 1 -1 -1 -0.507417948437 -0.0859111492299
counter is 2133
20 5 -1.3 1 -1 1 -0.663629948973 -0.114602114952
counter is 2134
20 5 -1.3 1 1 -1 -1.86041656227 -0.443196997115
counter is 2135
20 5 -1.3 1 1 1 -0.662968279982 -0.454113577751
counter is 2136
20 5 -1.3 1.5 -1 -1 -0.517027935184 -0.0872311492299
counter is 2137
20 5 -1.3 1.5 -1 1 -0.65927054365 -0.113972114952
counter is 2138
20 5 -1.3 1.5 1 -1 -1.3053040134 -0.427086107191
counter is 2139
20 5 -1.3 1.5 1 1 -1.64354752328 -0.0804879248388
counter is 2140
20 5 -1.0 -1.5 -1 -1 0.120903676562 -0.0499722417112
counter is 2141
20 5 -1.0 -1.5 -1 1 -0.379853617045 -0.180780310939
counter is 2142
20 5 -1.0 -1.5 1 -1 -0.871179138547 -0.13720114923
counter is 2143
20 5 -1.0 -1.5 1 1 -0.953243866044 -0.125512114952
counter is 2144
20 5 -1.0 -1 -1 -1 -0.627551714082 -0.118753100556
counter is 2145
20 5 -1.0 -1 -1 1 -0.827043389883 -0.193731123829
counter is 2146
20 5 -1.0 -1 1 -1 -0.852424750859 -0.13197114923
counter is 2147
20 5 -1.0 -1 1 1 -0.395955901347 -0.0494621149519
counter is 2148
20 5 -1.0 0 -1 -1 -0.939925799615 -0.14420114923
counter is 2149
20 5 -1.0 0 -1 1 -0.714132852593 -0.122352114952
counter is 2150
20 5 -1.0 0 1 -1 0.165153183525 -0.0165434972079
counter is 2151
20 5 -1.0 0 1 1 -0.813597187809 -0.251090551036
counter is 2152
20 5 -1.0 1 -1 -1 -0.868521383958 -0.13712114923
counter is 2153
20 5 -1.0 1 -1 1 -0.72571049229 -0.124122114952
counter is 2154
20 5 -1.0 1 1 -1 -0.569191028582 -0.439986997115
counter is 2155
20 5 -1.0 1 1 1 -0.708952082893 -0.454263577751
counter is 2156
20 5 -1.0 1.5 -1 -1 -0.856601480545 -0.13547114923
counter is 2157
20 5 -1.0 1.5 -1 1 -0.722391842681 -0.123642114952
counter is 2158
20 5 -1.0 1.5 1 -1 -1.06147102352 -0.426846107191
counter is 2159
20 5 -1.0 1.5 1 1 -1.64354752328 -0.0804879248388
counter is 2160
20 5 0 -1.5 -1 -1 -2.59517335996 -0.271075318747
counter is 2161
20 5 0 -1.5 -1 1 -1.61588245275 -0.256489749719
counter is 2162
20 5 0 -1.5 1 -1 -0.112622075919 -0.0645901856932
counter is 2163
20 5 0 -1.5 1 1 -0.264543474401 -0.0651600600601
counter is 2164
20 5 0 -1 -1 -1 -1.41292116411 -0.073220625543
counter is 2165
20 5 0 -1 -1 1 -2.10642041026 -0.222426342311
counter is 2166
20 5 0 -1 1 -1 -0.108148296441 -0.0641501856932
counter is 2167
20 5 0 -1 1 1 -0.118241888654 -0.0468300600601
counter is 2168
20 5 0 0 -1 -1 -1.57461401647 -0.0201587759845
counter is 2169
20 5 0 0 -1 1 -0.286144578697 -0.0568321149519
counter is 2170
20 5 0 0 1 -1 0.0134704898462 -0.0277275613702
counter is 2171
20 5 0 0 1 1 -0.380331721466 -0.0345985157571
counter is 2172
20 5 0 1 -1 -1 -0.178402738604 -0.00889877598455
counter is 2173
20 5 0 1 -1 1 -0.329999132386 -0.0733200600601
counter is 2174
20 5 0 1 1 -1 0.302087198932 -0.31738666104
counter is 2175
20 5 0 1 1 1 -0.196727229676 -0.29116534325
counter is 2176
20 5 0 1.5 -1 -1 -0.175466477493 -0.0715601856932
counter is 2177
20 5 0 1.5 -1 1 -0.314610095327 -0.0714800600601
counter is 2178
20 5 0 1.5 1 -1 -0.18018565344 -0.23986033886
counter is 2179
20 5 0 1.5 1 1 -0.497643869972 -0.204987770013
counter is 2180
20 5 1.0 -1.5 -1 -1 -1.68918360036 -0.231049696525
counter is 2181
20 5 1.0 -1.5 -1 1 -1.51694276366 -0.258527160354
counter is 2182
20 5 1.0 -1.5 1 -1 0.145924571932 -0.0111275613702
counter is 2183
20 5 1.0 -1.5 1 1 0.120046883492 -0.0387070492268
counter is 2184
20 5 1.0 -1 -1 -1 -1.53749183911 -0.289719167596
counter is 2185
20 5 1.0 -1 -1 1 -0.992550349601 -0.260827160354
counter is 2186
20 5 1.0 -1 1 -1 0.162180374002 -0.00926756137019
counter is 2187
20 5 1.0 -1 1 1 0.138077187407 -0.0364070492268
counter is 2188
20 5 1.0 0 -1 -1 -1.86446045505 -0.0182041953691
counter is 2189
20 5 1.0 0 -1 1 0.176876642247 -0.0246321149519
counter is 2190
20 5 1.0 0 1 -1 0.227729869284 -0.00164756137019
counter is 2191
20 5 1.0 0 1 1 -0.284135798978 -0.248060497943
counter is 2192
20 5 1.0 1 -1 -1 -0.799071454752 -0.0665916867641
counter is 2193
20 5 1.0 1 -1 1 0.0339250336212 -0.0512170492268
counter is 2194
20 5 1.0 1 1 -1 -0.155404001457 -0.279628241542
counter is 2195
20 5 1.0 1 1 1 0.41292558452 -0.21547059623
counter is 2196
20 5 1.0 1.5 -1 -1 -0.184370393524 -0.0490275613702
counter is 2197
20 5 1.0 1.5 -1 1 0.0772766482671 -0.0445470492268
counter is 2198
20 5 1.0 1.5 1 -1 0.0916385510413 -0.202048738739
counter is 2199
20 5 1.0 1.5 1 1 0.252411090257 -0.251413032441
counter is 2200
20 5 1.3 -1.5 -1 -1 -19.3232569712 -0.0297687295082
counter is 2201
20 5 1.3 -1.5 -1 1 -0.896538435122 -0.284771997594
counter is 2202
20 5 1.3 -1.5 1 -1 0.101765406074 -0.0225816867641
counter is 2203
20 5 1.3 -1.5 1 1 -0.435678131421 -0.116367049227
counter is 2204
20 5 1.3 -1 -1 -1 -1.036908678 -0.287469167596
counter is 2205
20 5 1.3 -1 -1 1 -1.76428161053 -0.250212094558
counter is 2206
20 5 1.3 -1 1 -1 0.108423088007 -0.0217916867641
counter is 2207
20 5 1.3 -1 1 1 -0.412675698238 -0.112907049227
counter is 2208
20 5 1.3 0 -1 -1 -1.41071451051 -0.206765865549
counter is 2209
20 5 1.3 0 -1 1 0.240792236467 -0.0364021149519
counter is 2210
20 5 1.3 0 1 -1 0.14196860662 -0.0177616867641
counter is 2211
20 5 1.3 0 1 1 -0.822657159112 -0.362062125124
counter is 2212
20 5 1.3 1 -1 -1 -0.144589746228 -0.0604516867641
counter is 2213
20 5 1.3 1 -1 1 -0.641075043934 -0.114977049227
counter is 2214
20 5 1.3 1 1 -1 -0.219781396353 -0.272135210363
counter is 2215
20 5 1.3 1 1 1 -0.482921979182 -0.240910538345
counter is 2216
20 5 1.3 1.5 -1 -1 -0.133936303891 -0.0537916867641
counter is 2217
20 5 1.3 1.5 -1 1 -0.445695301804 -0.117267049227
counter is 2218
20 5 1.3 1.5 1 -1 -0.123150719348 -0.207558738739
counter is 2219
20 5 1.3 1.5 1 1 -0.472584487264 -0.268212981703
counter is 2220
20 5 1.5 -1.5 -1 -1 -2.1372005637 0.0011922051626
counter is 2221
20 5 1.5 -1.5 -1 1 -0.913310465697 -0.284791997594
counter is 2222
20 5 1.5 -1.5 1 -1 0.331032904588 0.0229083132359
counter is 2223
20 5 1.5 -1.5 1 1 -0.0902588971772 -0.0593270492268
counter is 2224
20 5 1.5 -1 -1 -1 -0.186757976062 -0.286169167596
counter is 2225
20 5 1.5 -1 -1 1 -2.21929308799 -0.249922094558
counter is 2226
20 5 1.5 -1 1 -1 0.327452910043 0.0223783132359
counter is 2227
20 5 1.5 -1 1 1 -0.0740521519773 -0.0561770492268
counter is 2228
20 5 1.5 0 -1 -1 -1.09293915527 -0.203925865549
counter is 2229
20 5 1.5 0 -1 1 0.428120505941 -0.0325521149519
counter is 2230
20 5 1.5 0 1 -1 0.343752907606 0.0248683132359
counter is 2231
20 5 1.5 0 1 1 -0.465604566025 -0.308892125124
counter is 2232
20 5 1.5 1 -1 -1 -0.0403587652133 -0.0598616867641
counter is 2233
20 5 1.5 1 -1 1 -0.23657290828 -0.0869470492268
counter is 2234
20 5 1.5 1 1 -1 0.0103507889604 -0.232701947558
counter is 2235
20 5 1.5 1 1 1 -0.302834208629 -0.211920538345
counter is 2236
20 5 1.5 1.5 -1 -1 -0.119983924382 -0.0599516867641
counter is 2237
20 5 1.5 1.5 -1 1 -0.0964938806986 -0.0608070492268
counter is 2238
20 5 1.5 1.5 1 -1 0.107687215303 -0.155928738739
counter is 2239
20 5 1.5 1.5 1 1 -0.413821719951 -0.267652981703
counter is 2240
20 10 -1.5 -1.5 -1 -1 0.231269400718 -0.168916501868
counter is 2241
20 10 -1.5 -1.5 -1 1 -0.249728993634 -0.109606161557
counter is 2242
20 10 -1.5 -1.5 1 -1 -0.0695286105022 -0.0201911492299
counter is 2243
20 10 -1.5 -1.5 1 1 -0.658465832965 -0.0564321149519
counter is 2244
20 10 -1.5 -1 -1 -1 0.188057612022 0.022649374457
counter is 2245
20 10 -1.5 -1 -1 1 -0.308564774164 -0.128751123829
counter is 2246
20 10 -1.5 -1 1 -1 -1.19132956069 -0.10228114923
counter is 2247
20 10 -1.5 -1 1 1 0.0457032301452 -0.0426821149519
counter is 2248
20 10 -1.5 0 -1 -1 -0.0345270131149 -0.0114611492299
counter is 2249
20 10 -1.5 0 -1 1 -0.189211638033 -0.0516021149519
counter is 2250
20 10 -1.5 0 1 -1 -0.717037221953 -0.274624592185
counter is 2251
20 10 -1.5 0 1 1 -0.497510928849 -0.164133103448
counter is 2252
20 10 -1.5 1 -1 -1 -0.0305291745566 -0.0103711492299
counter is 2253
20 10 -1.5 1 -1 1 -0.197660626732 -0.0538321149519
counter is 2254
20 10 -1.5 1 1 -1 -1.63624722087 -0.39261729347
counter is 2255
20 10 -1.5 1 1 1 0.486362995628 -0.4135215471
counter is 2256
20 10 -1.5 1.5 -1 -1 -0.0368351112978 -0.0119011492299
counter is 2257
20 10 -1.5 1.5 -1 1 -0.190389698192 -0.0519321149519
counter is 2258
20 10 -1.5 1.5 1 -1 -1.28692158752 -0.391640368309
counter is 2259
20 10 -1.5 1.5 1 1 -0.453924251278 -0.0341342627897
counter is 2260
20 10 -1.3 -1.5 -1 -1 -0.179940559804 -0.175733978647
counter is 2261
20 10 -1.3 -1.5 -1 1 -0.337495016038 -0.122996161557
counter is 2262
20 10 -1.3 -1.5 1 -1 -0.23091636653 -0.0564211492299
counter is 2263
20 10 -1.3 -1.5 1 1 -0.746606607353 -0.0994021149519
counter is 2264
20 10 -1.3 -1 -1 -1 -0.736237726783 -0.186003100556
counter is 2265
20 10 -1.3 -1 -1 1 -0.566700953 -0.183201123829
counter is 2266
20 10 -1.3 -1 1 -1 0.298902748205 0.0167088507701
counter is 2267
20 10 -1.3 -1 1 1 -0.10228667883 -0.0445921149519
counter is 2268
20 10 -1.3 0 -1 -1 -0.39887909684 -0.0922611492299
counter is 2269
20 10 -1.3 0 -1 1 -0.443483753854 -0.107672114952
counter is 2270
20 10 -1.3 0 1 -1 0.522589763453 -0.235504592185
counter is 2271
20 10 -1.3 0 1 1 -0.55798502811 -0.181433276523
counter is 2272
20 10 -1.3 1 -1 -1 -0.206902796153 -0.0515411492299
counter is 2273
20 10 -1.3 1 -1 1 -0.449883370967 -0.109372114952
counter is 2274
20 10 -1.3 1 1 -1 -1.76599764845 -0.39312729347
counter is 2275
20 10 -1.3 1 1 1 -0.426630885615 -0.4143415471
counter is 2276
20 10 -1.3 1.5 -1 -1 -0.218836174506 -0.0542511492299
counter is 2277
20 10 -1.3 1.5 -1 1 -0.445123086033 -0.108292114952
counter is 2278
20 10 -1.3 1.5 1 -1 -0.835140139196 -0.390970368309
counter is 2279
20 10 -1.3 1.5 1 1 -0.453924251278 -0.0341342627897
counter is 2280
20 10 -1.0 -1.5 -1 -1 0.134189814487 -0.173653978647
counter is 2281
20 10 -1.0 -1.5 -1 1 -0.00627030335678 -0.0765761615572
counter is 2282
20 10 -1.0 -1.5 1 -1 -0.732850758764 -0.16706114923
counter is 2283
20 10 -1.0 -1.5 1 1 -1.18579135785 -0.196732114952
counter is 2284
20 10 -1.0 -1 -1 -1 -0.808842650949 -0.125353100556
counter is 2285
20 10 -1.0 -1 -1 1 -0.789973151599 -0.231181123829
counter is 2286
20 10 -1.0 -1 1 -1 -0.689186298913 -0.15250114923
counter is 2287
20 10 -1.0 -1 1 1 -0.253716883966 -0.0475221149519
counter is 2288
20 10 -1.0 0 -1 -1 -0.9298044612 -0.20332114923
counter is 2289
20 10 -1.0 0 -1 1 -0.675090526062 -0.162152114952
counter is 2290
20 10 -1.0 0 1 -1 0.825827597475 -0.011412930556
counter is 2291
20 10 -1.0 0 1 1 -0.11808425804 -0.177368660574
counter is 2292
20 10 -1.0 1 -1 -1 -0.70889268206 -0.16289114923
counter is 2293
20 10 -1.0 1 -1 1 -0.664096590091 -0.160132114952
counter is 2294
20 10 -1.0 1 1 -1 -0.920654449185 -0.39033729347
counter is 2295
20 10 -1.0 1 1 1 -0.429241847151 -0.4144915471
counter is 2296
20 10 -1.0 1.5 -1 -1 -0.70675250527 -0.16247114923
counter is 2297
20 10 -1.0 1.5 -1 1 -0.660018926886 -0.159202114952
counter is 2298
20 10 -1.0 1.5 1 -1 -1.04233178577 -0.391310368309
counter is 2299
20 10 -1.0 1.5 1 1 -0.453924251278 -0.0341342627897
counter is 2300
20 10 0 -1.5 -1 -1 -1.62976927892 -0.201375580041
counter is 2301
20 10 0 -1.5 -1 1 -0.611622339777 -0.197726264645
counter is 2302
20 10 0 -1.5 1 -1 0.20408502283 -0.0128701856932
counter is 2303
20 10 0 -1.5 1 1 -0.274917230745 -0.0711800600601
counter is 2304
20 10 0 -1 -1 -1 -1.72443546571 -0.078310625543
counter is 2305
20 10 0 -1 -1 1 -1.55914419843 -0.204912806255
counter is 2306
20 10 0 -1 1 -1 0.254769509128 -0.00586018569318
counter is 2307
20 10 0 -1 1 1 0.0608516849784 -0.0138500600601
counter is 2308
20 10 0 0 -1 -1 -1.2076876884 -0.0225687759845
counter is 2309
20 10 0 0 -1 1 -0.234127558545 -0.0539621149519
counter is 2310
20 10 0 0 1 -1 0.307925444291 0.000309814306816
counter is 2311
20 10 0 0 1 1 -0.580269125598 -0.0654700600601
counter is 2312
20 10 0 1 -1 -1 0.132498026644 0.0328812240155
counter is 2313
20 10 0 1 -1 1 -0.254477590752 -0.0676200600601
counter is 2314
20 10 0 1 1 -1 0.312889097221 -0.238406697616
counter is 2315
20 10 0 1 1 1 -1.07973295427 -0.253380864863
counter is 2316
20 10 0 1.5 -1 -1 0.200348137778 -0.0141601856932
counter is 2317
20 10 0 1.5 -1 1 -0.271358528947 -0.0707500600601
counter is 2318
20 10 0 1.5 1 -1 -0.879912737029 -0.256742814585
counter is 2319
20 10 0 1.5 1 1 -0.986498483225 -0.218968224281
counter is 2320
20 10 1.0 -1.5 -1 -1 -0.884041541951 -0.164276255507
counter is 2321
20 10 1.0 -1.5 -1 1 -1.12442628094 -0.204457537637
counter is 2322
20 10 1.0 -1.5 1 -1 0.708357082917 0.0918398143068
counter is 2323
20 10 1.0 -1.5 1 1 -0.474811467821 -0.134317049227
counter is 2324
20 10 1.0 -1 -1 -1 -1.59400007865 -0.247845461148
counter is 2325
20 10 1.0 -1 -1 1 -1.78074567461 -0.235377537637
counter is 2326
20 10 1.0 -1 1 -1 0.731494973126 0.0960298143068
counter is 2327
20 10 1.0 -1 1 1 -0.318710889983 -0.103397049227
counter is 2328
20 10 1.0 0 -1 -1 -1.75871796393 -0.0588911492299
counter is 2329
20 10 1.0 0 -1 1 -0.681853011557 -0.0820021149519
counter is 2330
20 10 1.0 0 1 -1 0.783731110106 0.105799814307
counter is 2331
20 10 1.0 0 1 1 -0.530843843229 -0.261815339765
counter is 2332
20 10 1.0 1 -1 -1 -0.618975313686 -0.0943770492268
counter is 2333
20 10 1.0 1 -1 1 -0.483464651043 -0.133867049227
counter is 2334
20 10 1.0 1 1 -1 0.482372163646 -0.136530049237
counter is 2335
20 10 1.0 1 1 1 -0.579286686899 -0.202762554804
counter is 2336
20 10 1.0 1.5 -1 -1 0.658890923158 0.0530798143068
counter is 2337
20 10 1.0 1.5 -1 1 -0.465350327554 -0.131987049227
counter is 2338
20 10 1.0 1.5 1 -1 -0.040639363406 -0.189398158085
counter is 2339
20 10 1.0 1.5 1 1 -1.07713220196 -0.240775718253
counter is 2340
20 10 1.3 -1.5 -1 -1 -7.77818916255 0.025708442623
counter is 2341
20 10 1.3 -1.5 -1 1 -1.39446219907 -0.257865875041
counter is 2342
20 10 1.3 -1.5 1 -1 0.184406465433 -0.00214704922684
counter is 2343
20 10 1.3 -1.5 1 1 -0.767183270948 -0.209267049227
counter is 2344
20 10 1.3 -1 -1 -1 -1.54384975406 -0.245375461148
counter is 2345
20 10 1.3 -1 -1 1 -1.59341483364 -0.234556230817
counter is 2346
20 10 1.3 -1 1 -1 0.196040120145 0.000242950773159
counter is 2347
20 10 1.3 -1 1 1 -0.752314342744 -0.205857049227
counter is 2348
20 10 1.3 0 -1 -1 -1.48239519543 -0.173338520488
counter is 2349
20 10 1.3 0 -1 1 -0.134691119696 -0.0442321149519
counter is 2350
20 10 1.3 0 1 -1 0.224235729079 0.00603295077316
counter is 2351
20 10 1.3 0 1 1 -1.01966985729 -0.374555592283
counter is 2352
20 10 1.3 1 -1 -1 -0.238077151489 -0.0884970492268
counter is 2353
20 10 1.3 1 -1 1 -0.29195825837 -0.0917170492268
counter is 2354
20 10 1.3 1 1 -1 -0.0559532113601 -0.196381694424
counter is 2355
20 10 1.3 1 1 1 -1.04900995717 -0.332223204967
counter is 2356
20 10 1.3 1.5 -1 -1 0.109217484975 -0.0413170492268
counter is 2357
20 10 1.3 1.5 -1 1 -0.73245377517 -0.198787049227
counter is 2358
20 10 1.3 1.5 1 -1 -0.158114915162 -0.188318158085
counter is 2359
20 10 1.3 1.5 1 1 -1.47123565257 -0.261681377238
counter is 2360
20 10 1.5 -1.5 -1 -1 -3.4147026393 0.0549593769099
counter is 2361
20 10 1.5 -1.5 -1 1 -1.41227118936 -0.257895875041
counter is 2362
20 10 1.5 -1.5 1 -1 0.202710691396 0.0243429507732
counter is 2363
20 10 1.5 -1.5 1 1 -0.423585114824 -0.142097049227
counter is 2364
20 10 1.5 -1 -1 -1 -0.508946893106 -0.242895461148
counter is 2365
20 10 1.5 -1 -1 1 -1.84216110342 -0.234016230817
counter is 2366
20 10 1.5 -1 1 -1 0.202100241451 0.0241929507732
counter is 2367
20 10 1.5 -1 1 1 -0.412894889086 -0.139257049227
counter is 2368
20 10 1.5 0 -1 -1 -1.27979727006 -0.168948520488
counter is 2369
20 10 1.5 0 -1 1 0.183208170461 -0.0354721149519
counter is 2370
20 10 1.5 0 1 -1 0.216775155097 0.0280729507732
counter is 2371
20 10 1.5 0 1 1 -0.693653564261 -0.316175592283
counter is 2372
20 10 1.5 1 -1 -1 0.263262584633 -0.0831170492268
counter is 2373
20 10 1.5 1 -1 1 0.0476073557892 -0.0648670492268
counter is 2374
20 10 1.5 1 1 -1 -0.0832613172458 -0.196071193743
counter is 2375
20 10 1.5 1 1 1 -0.711081958163 -0.291933204967
counter is 2376
20 10 1.5 1.5 -1 -1 0.735895710323 -0.0698070492268
counter is 2377
20 10 1.5 1.5 -1 1 -0.384535158342 -0.128767049227
counter is 2378
20 10 1.5 1.5 1 -1 -0.0403619918338 -0.133398158085
counter is 2379
20 10 1.5 1.5 1 1 -1.31677248866 -0.264561377238
counter is 2380
20 20 -1.5 -1.5 -1 -1 -0.335197672268 -0.114148587907
counter is 2381
20 20 -1.5 -1.5 -1 1 -0.261654306931 -0.127701123829
counter is 2382
20 20 -1.5 -1.5 1 -1 -0.218576954189 -0.0763411492299
counter is 2383
20 20 -1.5 -1.5 1 1 -0.88738461601 -0.0711221149519
counter is 2384
20 20 -1.5 -1 -1 -1 0.0358607587808 0.00528937445699
counter is 2385
20 20 -1.5 -1 -1 1 -0.306660010317 -0.148201123829
counter is 2386
20 20 -1.5 -1 1 -1 -1.30115943334 -0.14909114923
counter is 2387
20 20 -1.5 -1 1 1 -0.38617371425 -0.0506221149519
counter is 2388
20 20 -1.5 0 -1 -1 -0.201476711269 -0.0714411492299
counter is 2389
20 20 -1.5 0 -1 1 -0.205189959956 -0.0762621149519
counter is 2390
20 20 -1.5 0 1 -1 -0.877905065789 -0.228886713874
counter is 2391
20 20 -1.5 0 1 1 -0.715849823135 -0.106154951777
counter is 2392
20 20 -1.5 1 -1 -1 -0.192525272794 -0.0681811492299
counter is 2393
20 20 -1.5 1 -1 1 -0.213018575486 -0.0797621149519
counter is 2394
20 20 -1.5 1 1 -1 -2.80836622699 -0.368030532389
counter is 2395
20 20 -1.5 1 1 1 -0.698085328109 -0.390903069098
counter is 2396
20 20 -1.5 1.5 -1 -1 -0.205951262182 -0.0737411492299
counter is 2397
20 20 -1.5 1.5 -1 1 -0.211551482732 -0.0791521149519
counter is 2398
20 20 -1.5 1.5 1 -1 -2.12310340891 -0.353158665286
counter is 2399
20 20 -1.5 1.5 1 1 -1.82498529229 -0.0925953065423
counter is 2400
20 20 -1.3 -1.5 -1 -1 -0.604314554344 -0.119593100556
counter is 2401
20 20 -1.3 -1.5 -1 1 -0.292937603213 -0.127621123829
counter is 2402
20 20 -1.3 -1.5 1 -1 -0.652164398156 -0.22915114923
counter is 2403
20 20 -1.3 -1.5 1 1 -0.993780233826 -0.164672114952
counter is 2404
20 20 -1.3 -1 -1 -1 -1.05479378632 -0.313113100556
counter is 2405
20 20 -1.3 -1 -1 1 -0.561986529277 -0.237671123829
counter is 2406
20 20 -1.3 -1 1 -1 -0.137232907 -0.0356311492299
counter is 2407
20 20 -1.3 -1 1 1 -0.510251746633 -0.0546221149519
counter is 2408
20 20 -1.3 0 -1 -1 -0.616204081486 -0.21590114923
counter is 2409
20 20 -1.3 0 -1 1 -0.460284861192 -0.168622114952
counter is 2410
20 20 -1.3 0 1 -1 -0.84745064644 -0.241386713874
counter is 2411
20 20 -1.3 0 1 1 -0.705432412719 -0.0936237838552
counter is 2412
20 20 -1.3 1 -1 -1 -0.620715090919 -0.22341114923
counter is 2413
20 20 -1.3 1 -1 1 -0.46550091175 -0.171352114952
counter is 2414
20 20 -1.3 1 1 -1 -2.87575532667 -0.369760532389
counter is 2415
20 20 -1.3 1 1 1 -1.58234125713 -0.392783069098
counter is 2416
20 20 -1.3 1.5 -1 -1 -0.639107174105 -0.23139114923
counter is 2417
20 20 -1.3 1.5 -1 1 -0.468397059782 -0.172622114952
counter is 2418
20 20 -1.3 1.5 1 -1 -1.94020467088 -0.352468665286
counter is 2419
20 20 -1.3 1.5 1 1 -1.82498529229 -0.0925953065423
counter is 2420
20 20 -1.0 -1.5 -1 -1 -0.622589969997 -0.118443100556
counter is 2421
20 20 -1.0 -1.5 -1 1 0.124465705605 -0.040091123829
counter is 2422
20 20 -1.0 -1.5 1 -1 -0.565437813552 -0.20282114923
counter is 2423
20 20 -1.0 -1.5 1 1 -1.05610714846 -0.281662114952
counter is 2424
20 20 -1.0 -1 -1 -1 -0.728747047516 -0.129213100556
counter is 2425
20 20 -1.0 -1 -1 1 -0.662977257591 -0.275961123829
counter is 2426
20 20 -1.0 -1 1 -1 -0.559994654289 -0.19205114923
counter is 2427
20 20 -1.0 -1 1 1 -0.193986826029 -0.0457921149519
counter is 2428
20 20 -1.0 0 -1 -1 -0.568931833765 -0.19910114923
counter is 2429
20 20 -1.0 0 -1 1 -0.550010332729 -0.209132114952
counter is 2430
20 20 -1.0 0 1 -1 -0.343551224815 -0.059042930556
counter is 2431
20 20 -1.0 0 1 1 0.140302722454 -0.0873685591376
counter is 2432
20 20 -1.0 1 -1 -1 -0.568372180649 -0.20539114923
counter is 2433
20 20 -1.0 1 -1 1 -0.529061304348 -0.201942114952
counter is 2434
20 20 -1.0 1 1 -1 -0.974902599714 -0.360300532389
counter is 2435
20 20 -1.0 1 1 1 -1.13969856689 -0.391653069098
counter is 2436
20 20 -1.0 1.5 -1 -1 -0.554693588509 -0.20070114923
counter is 2437
20 20 -1.0 1.5 -1 1 -0.529087434917 -0.202082114952
counter is 2438
20 20 -1.0 1.5 1 -1 -2.32910592309 -0.355678665286
counter is 2439
20 20 -1.0 1.5 1 1 -1.82498529229 -0.0925953065423
counter is 2440
20 20 0 -1.5 -1 -1 -1.27623803318 -0.23178084527
counter is 2441
20 20 0 -1.5 -1 1 -0.267336273654 -0.175670772244
counter is 2442
20 20 0 -1.5 1 -1 0.369468460837 0.0750898143068
counter is 2443
20 20 0 -1.5 1 1 -0.417980181283 -0.12540006006
counter is 2444
20 20 0 -1 -1 -1 -0.585874622059 -0.070920625543
counter is 2445
20 20 0 -1 -1 1 -1.241947265 -0.193636316247
counter is 2446
20 20 0 -1 1 -1 0.375779438899 0.0756598143068
counter is 2447
20 20 0 -1 1 1 -0.183500581474 -0.0580800600601
counter is 2448
20 20 0 0 -1 -1 -0.277195321645 -0.00858877598455
counter is 2449
20 20 0 0 -1 1 -0.386184924023 -0.105962114952
counter is 2450
20 20 0 0 1 -1 0.38896002834 0.0752398143068
counter is 2451
20 20 0 0 1 1 -0.413717812025 -0.0644600600601
counter is 2452
20 20 0 1 -1 -1 0.448518311307 0.133001224015
counter is 2453
20 20 0 1 -1 1 -0.36309576255 -0.10995006006
counter is 2454
20 20 0 1 1 -1 -0.0856294096762 -0.198551071956
counter is 2455
20 20 0 1 1 1 -1.475966961 -0.151329074906
counter is 2456
20 20 0 1.5 -1 -1 0.420956273643 0.0861398143068
counter is 2457
20 20 0 1.5 -1 1 -0.384656037161 -0.11712006006
counter is 2458
20 20 0 1.5 1 -1 -1.56893734207 -0.195935179338
counter is 2459
20 20 0 1.5 1 1 -1.74634494351 -0.153508398679
counter is 2460
20 20 1.0 -1.5 -1 -1 -1.0676376841 -0.195386152717
counter is 2461
20 20 1.0 -1.5 -1 1 -1.1999147935 -0.187608717238
counter is 2462
20 20 1.0 -1.5 1 -1 -0.27925877145 -0.112310185693
counter is 2463
20 20 1.0 -1.5 1 1 -0.614426804261 -0.230587049227
counter is 2464
20 20 1.0 -1 -1 -1 -0.550300807256 -0.0436205447485
counter is 2465
20 20 1.0 -1 -1 1 -1.43303024875 -0.226818717238
counter is 2466
20 20 1.0 -1 1 -1 -0.2769337638 -0.111410185693
counter is 2467
20 20 1.0 -1 1 1 -0.506816899287 -0.191377049227
counter is 2468
20 20 1.0 0 -1 -1 -0.3124150856 -0.0455511492299
counter is 2469
20 20 1.0 0 -1 1 -0.774700864638 -0.101012114952
counter is 2470
20 20 1.0 0 1 -1 -0.279637302162 -0.112330185693
counter is 2471
20 20 1.0 0 1 1 -0.642497788583 -0.275958788481
counter is 2472
20 20 1.0 1 -1 -1 0.784196367969 -0.0591370492268
counter is 2473
20 20 1.0 1 -1 1 -0.623816536165 -0.226027049227
counter is 2474
20 20 1.0 1 1 -1 -0.538471192917 -0.265636506999
counter is 2475
20 20 1.0 1 1 1 -0.577991517683 -0.110932165703
counter is 2476
20 20 1.0 1.5 -1 -1 -0.118660337097 -0.0532801856932
counter is 2477
20 20 1.0 1.5 -1 1 -0.62143441208 -0.231017049227
counter is 2478
20 20 1.0 1.5 1 -1 -0.762287336359 -0.184125915697
counter is 2479
20 20 1.0 1.5 1 1 -0.695752229526 -0.154882019994
counter is 2480
20 20 1.3 -1.5 -1 -1 -3.00000398551 0.000216147540983
counter is 2481
20 20 1.3 -1.5 -1 1 -1.04180592297 -0.03194326942
counter is 2482
20 20 1.3 -1.5 1 -1 -0.50298442219 -0.201857049227
counter is 2483
20 20 1.3 -1.5 1 1 -0.780823297047 -0.308337049227
counter is 2484
20 20 1.3 -1 -1 -1 -1.05991523928 -0.0442305447485
counter is 2485
20 20 1.3 -1 -1 1 -1.39754843445 -0.125206907739
counter is 2486
20 20 1.3 -1 1 -1 -0.49509939628 -0.199017049227
counter is 2487
20 20 1.3 -1 1 1 -0.767614367237 -0.303507049227
counter is 2488
20 20 1.3 0 -1 -1 -0.305322339299 -0.0350578639122
counter is 2489
20 20 1.3 0 -1 1 -0.526244649203 -0.0594821149519
counter is 2490
20 20 1.3 0 1 -1 -0.500044699421 -0.200827049227
counter is 2491
20 20 1.3 0 1 1 -0.862349296274 -0.367712445737
counter is 2492
20 20 1.3 1 -1 -1 0.860694395002 -0.0612270492268
counter is 2493
20 20 1.3 1 -1 1 -0.676942081656 -0.158227049227
counter is 2494
20 20 1.3 1 1 -1 -0.71794796568 -0.318596748368
counter is 2495
20 20 1.3 1 1 1 -0.805722268278 -0.266221363366
counter is 2496
20 20 1.3 1.5 -1 -1 0.0446977288753 -0.0195270492268
counter is 2497
20 20 1.3 1.5 -1 1 -0.777233569066 -0.301287049227
counter is 2498
20 20 1.3 1.5 1 -1 -1.20271092171 -0.306095915697
counter is 2499
20 20 1.3 1.5 1 1 -0.908876718141 -0.172636229606
counter is 2500
20 20 1.5 -1.5 -1 -1 -1.74198588737 0.0302346500708
counter is 2501
20 20 1.5 -1.5 -1 1 -1.0751023619 -0.03202326942
counter is 2502
20 20 1.5 -1.5 1 -1 -0.68998736133 -0.297167049227
counter is 2503
20 20 1.5 -1.5 1 1 -0.682309709923 -0.294677049227
counter is 2504
20 20 1.5 -1 -1 -1 -0.504368385931 -0.0419605447485
counter is 2505
20 20 1.5 -1 -1 1 -1.44083244326 -0.123706907739
counter is 2506
20 20 1.5 -1 1 -1 -0.688446038331 -0.296657049227
counter is 2507
20 20 1.5 -1 1 1 -0.673927599405 -0.291427049227
counter is 2508
20 20 1.5 0 -1 -1 -0.894577704597 -0.0386978639122
counter is 2509
20 20 1.5 0 -1 1 -0.455589034621 -0.0558321149519
counter is 2510
20 20 1.5 0 1 -1 -0.67853996634 -0.292557049227
counter is 2511
20 20 1.5 0 1 1 -0.770713134359 -0.357782445737
counter is 2512
20 20 1.5 1 -1 -1 0.86276826993 -0.0673570492268
counter is 2513
20 20 1.5 1 -1 1 -1.04580726263 -0.192687049227
counter is 2514
20 20 1.5 1 1 -1 -0.906372599528 -0.423199340456
counter is 2515
20 20 1.5 1 1 1 -0.548612883856 -0.218181363366
counter is 2516
20 20 1.5 1.5 -1 -1 1.02157723179 -0.0473670492268
counter is 2517
20 20 1.5 1.5 -1 1 -0.665195798265 -0.276207049227
counter is 2518
20 20 1.5 1.5 1 -1 -0.887401319378 -0.373625915697
counter is 2519
20 20 1.5 1.5 1 1 -1.17350944346 -0.184136229606
counter is 2520
20 50 -1.5 -1.5 -1 -1 0.413397589456 -0.0849785879067
counter is 2521
20 50 -1.5 -1.5 -1 1 0.204390449216 0.107718876171
counter is 2522
20 50 -1.5 -1.5 1 -1 0.2680529464 0.16854885077
counter is 2523
20 50 -1.5 -1.5 1 1 -0.592222867806 -0.0750321149519
counter is 2524
20 50 -1.5 -1 -1 -1 0.465328249159 0.246259374457
counter is 2525
20 50 -1.5 -1 -1 1 0.164656118223 0.092298876171
counter is 2526
20 50 -1.5 -1 1 -1 -0.69531539612 -0.11600114923
counter is 2527
20 50 -1.5 -1 1 1 -0.489985532436 -0.0596121149519
counter is 2528
20 50 -1.5 0 -1 -1 0.3546049456 0.22200885077
counter is 2529
20 50 -1.5 0 -1 1 0.277070979417 0.176457885048
counter is 2530
20 50 -1.5 0 1 -1 -0.809650825866 -0.00555444794125
counter is 2531
20 50 -1.5 0 1 1 -1.38904448476 -0.038647816092
counter is 2532
20 50 -1.5 1 -1 -1 0.34272565788 0.21884885077
counter is 2533
20 50 -1.5 1 -1 1 0.238027884909 0.155217885048
counter is 2534
20 50 -1.5 1 1 -1 -2.75751360274 -0.257475748754
counter is 2535
20 50 -1.5 1 1 1 -1.86847637332 -0.18873163694
counter is 2536
20 50 -1.5 1.5 -1 -1 0.325472383147 0.20939885077
counter is 2537
20 50 -1.5 1.5 -1 1 0.233096733138 0.152287885048
counter is 2538
20 50 -1.5 1.5 1 -1 -3.52049823934 -0.2109667383
counter is 2539
20 50 -1.5 1.5 1 1 -1.28762349466 -0.143629407489
counter is 2540
20 50 -1.3 -1.5 -1 -1 0.637572312793 -0.0890231005556
counter is 2541
20 50 -1.3 -1.5 -1 1 0.225568974572 0.088138876171
counter is 2542
20 50 -1.3 -1.5 1 -1 0.124462513387 0.0865388507701
counter is 2543
20 50 -1.3 -1.5 1 1 -0.465796276916 -0.134082114952
counter is 2544
20 50 -1.3 -1 -1 -1 -0.0467151339081 -0.0395031005556
counter is 2545
20 50 -1.3 -1 -1 1 0.0567141174309 0.034088876171
counter is 2546
20 50 -1.3 -1 1 -1 0.082009513032 0.0370188507701
counter is 2547
20 50 -1.3 -1 1 1 -0.834650922483 -0.0800321149519
counter is 2548
20 50 -1.3 0 -1 -1 0.131443347987 0.0894188507701
counter is 2549
20 50 -1.3 0 -1 1 0.151790681506 0.105457885048
counter is 2550
20 50 -1.3 0 1 -1 0.148610122257 0.0422755520587
counter is 2551
20 50 -1.3 0 1 1 -1.44918544037 -0.046277816092
counter is 2552
20 50 -1.3 1 -1 -1 0.195337062653 0.13470885077
counter is 2553
20 50 -1.3 1 -1 1 0.114124602996 0.0812878850481
counter is 2554
20 50 -1.3 1 1 -1 -2.53524414793 -0.258095748754
counter is 2555
20 50 -1.3 1 1 1 -2.06055391986 -0.19343163694
counter is 2556
20 50 -1.3 1.5 -1 -1 0.171608411145 0.11950885077
counter is 2557
20 50 -1.3 1.5 -1 1 0.102680906102 0.0736578850481
counter is 2558
20 50 -1.3 1.5 1 -1 -2.48999995359 -0.2058367383
counter is 2559
20 50 -1.3 1.5 1 1 -1.28762349466 -0.143629407489
counter is 2560
20 50 -1.0 -1.5 -1 -1 -0.132177023305 -0.111073100556
counter is 2561
20 50 -1.0 -1.5 -1 1 0.806870850067 0.225498876171
counter is 2562
20 50 -1.0 -1.5 1 -1 0.317459085862 0.22494885077
counter is 2563
20 50 -1.0 -1.5 1 1 -0.0870168669076 -0.0328221149519
counter is 2564
20 50 -1.0 -1 -1 -1 -0.29865388501 -0.114133100556
counter is 2565
20 50 -1.0 -1 -1 1 0.398221578757 0.264738876171
counter is 2566
20 50 -1.0 -1 1 -1 0.332099567963 0.22800885077
counter is 2567
20 50 -1.0 -1 1 1 -0.564103124382 -0.0720621149519
counter is 2568
20 50 -1.0 0 -1 -1 0.288961688584 0.19450885077
counter is 2569
20 50 -1.0 0 -1 1 0.477399138435 0.339877885048
counter is 2570
20 50 -1.0 0 1 -1 0.109028103387 -0.017512930556
counter is 2571
20 50 -1.0 0 1 1 -0.968589582001 -0.0558309199558
counter is 2572
20 50 -1.0 1 -1 -1 0.364288700638 0.25675885077
counter is 2573
20 50 -1.0 1 -1 1 0.432718199773 0.314927885048
counter is 2574
20 50 -1.0 1 1 -1 -2.3383750632 -0.263785748754
counter is 2575
20 50 -1.0 1 1 1 -1.21080074831 -0.18845163694
counter is 2576
20 50 -1.0 1.5 -1 -1 0.338583399116 0.24049885077
counter is 2577
20 50 -1.0 1.5 -1 1 0.428312926164 0.312277885048
counter is 2578
20 50 -1.0 1.5 1 -1 -2.25440990766 -0.2104667383
counter is 2579
20 50 -1.0 1.5 1 1 -1.28762349466 -0.143629407489
counter is 2580
20 50 0 -1.5 -1 -1 -0.726267339926 -0.190743064694
counter is 2581
20 50 0 -1.5 -1 1 -0.273431053402 -0.112728587907
counter is 2582
20 50 0 -1.5 1 -1 0.173724879931 0.0989898143068
counter is 2583
20 50 0 -1.5 1 1 0.175137514556 0.11114993994
counter is 2584
20 50 0 -1 -1 -1 -0.00413676255994 -0.061890625543
counter is 2585
20 50 0 -1 -1 1 -0.329853391651 -0.080420625543
counter is 2586
20 50 0 -1 1 -1 0.162604280424 0.0918698143068
counter is 2587
20 50 0 -1 1 1 0.217830847028 0.12552993994
counter is 2588
20 50 0 0 -1 -1 -0.0827072858514 -0.000978775984549
counter is 2589
20 50 0 0 -1 1 0.263972283894 0.154667885048
counter is 2590
20 50 0 0 1 -1 0.171087093282 0.0928698143068
counter is 2591
20 50 0 0 1 1 -0.748074845396 -0.0892200600601
counter is 2592
20 50 0 1 -1 -1 0.334329787708 0.187111224015
counter is 2593
20 50 0 1 -1 1 0.217142039546 0.13468993994
counter is 2594
20 50 0 1 1 -1 -0.465935979799 -0.0952201856932
counter is 2595
20 50 0 1 1 1 -1.17167304817 -0.0442626634721
counter is 2596
20 50 0 1.5 -1 -1 0.187903503034 0.103759814307
counter is 2597
20 50 0 1.5 -1 1 0.189936255032 0.12103993994
counter is 2598
20 50 0 1.5 1 -1 -0.485555831301 -0.0208008124711
counter is 2599
20 50 0 1.5 1 1 -1.2093846699 0.00680218478505
counter is 2600
20 50 1.0 -1.5 -1 -1 -0.78337306019 -0.157229304944
counter is 2601
20 50 1.0 -1.5 -1 1 -0.555593551066 -0.121571123829
counter is 2602
20 50 1.0 -1.5 1 -1 -0.499830763312 -0.338450185693
counter is 2603
20 50 1.0 -1.5 1 1 -0.299324061176 -0.214857049227
counter is 2604
20 50 1.0 -1 -1 -1 0.318146762236 -0.094955286757
counter is 2605
20 50 1.0 -1 -1 1 -0.375386593597 -0.124251123829
counter is 2606
20 50 1.0 -1 1 -1 -0.517665478871 -0.349560185693
counter is 2607
20 50 1.0 -1 1 1 -0.314910469274 -0.212177049227
counter is 2608
20 50 1.0 0 -1 -1 0.286461530443 -0.0282711492299
counter is 2609
20 50 1.0 0 -1 1 0.348137459033 0.0407178850481
counter is 2610
20 50 1.0 0 1 -1 -0.530420537137 -0.356170185693
counter is 2611
20 50 1.0 0 1 1 -0.49504433263 -0.304597049227
counter is 2612
20 50 1.0 1 -1 -1 0.225770375577 -0.0565070492268
counter is 2613
20 50 1.0 1 -1 1 -0.298285547362 -0.203007049227
counter is 2614
20 50 1.0 1 1 -1 -0.579200868836 -0.372930185693
counter is 2615
20 50 1.0 1 1 1 -0.41291710313 -0.0172623532294
counter is 2616
20 50 1.0 1.5 -1 -1 -0.906097394358 -0.466820185693
counter is 2617
20 50 1.0 1.5 -1 1 -0.303525468803 -0.215847049227
counter is 2618
20 50 1.0 1.5 1 -1 0.324277113512 0.116814760308
counter is 2619
20 50 1.0 1.5 1 1 -0.224952005998 -0.00442235322944
counter is 2620
20 50 1.3 -1.5 -1 -1 -1.88329732847 0.032466352459
counter is 2621
20 50 1.3 -1.5 -1 1 -0.540072199567 -0.120231123829
counter is 2622
20 50 1.3 -1.5 1 -1 -0.747197287311 -0.554957049227
counter is 2623
20 50 1.3 -1.5 1 1 -0.652164306114 -0.506867049227
counter is 2624
20 50 1.3 -1 -1 -1 0.300681716964 -0.100085286757
counter is 2625
20 50 1.3 -1 -1 1 -0.690642171895 -0.123281123829
counter is 2626
20 50 1.3 -1 1 -1 -0.752636630213 -0.559237049227
counter is 2627
20 50 1.3 -1 1 1 -0.649920143249 -0.503817049227
counter is 2628
20 50 1.3 0 -1 -1 0.186342100276 -0.0375521149519
counter is 2629
20 50 1.3 0 -1 1 0.259933530748 -0.00499211495193
counter is 2630
20 50 1.3 0 1 -1 -0.760634654874 -0.564437049227
counter is 2631
20 50 1.3 0 1 1 -0.742548812335 -0.549557049227
counter is 2632
20 50 1.3 1 -1 -1 0.290574071563 -0.0608070492268
counter is 2633
20 50 1.3 1 -1 1 -0.424454629839 -0.147297049227
counter is 2634
20 50 1.3 1 1 -1 -0.788448529259 -0.566514012779
counter is 2635
20 50 1.3 1 1 1 -0.712163921461 -0.374610812471
counter is 2636
20 50 1.3 1.5 -1 -1 -0.816602187883 -0.335197049227
counter is 2637
20 50 1.3 1.5 -1 1 -0.667792563173 -0.505607049227
counter is 2638
20 50 1.3 1.5 1 -1 -0.595988899681 -0.229615239692
counter is 2639
20 50 1.3 1.5 1 1 -0.251666879741 -0.0163008124711
counter is 2640
20 50 1.5 -1.5 -1 -1 -1.64412729354 0.0614630642717
counter is 2641
20 50 1.5 -1.5 -1 1 -0.561458833747 -0.120311123829
counter is 2642
20 50 1.5 -1.5 1 -1 -0.730702094482 -0.524317049227
counter is 2643
20 50 1.5 -1.5 1 1 -0.613487932337 -0.451327049227
counter is 2644
20 50 1.5 -1 -1 -1 0.535775193433 -0.099905286757
counter is 2645
20 50 1.5 -1 -1 1 -0.68220690694 -0.122141123829
counter is 2646
20 50 1.5 -1 1 -1 -0.737042105696 -0.528887049227
counter is 2647
20 50 1.5 -1 1 1 -0.611879795941 -0.449497049227
counter is 2648
20 50 1.5 0 -1 -1 0.188534107999 -0.0412221149519
counter is 2649
20 50 1.5 0 -1 1 0.384197624669 0.00285788504807
counter is 2650
20 50 1.5 0 1 -1 -0.742759504529 -0.530237049227
counter is 2651
20 50 1.5 0 1 1 -0.715968682045 -0.501947049227
counter is 2652
20 50 1.5 1 -1 -1 0.391616305379 -0.0621770492268
counter is 2653
20 50 1.5 1 -1 1 -0.720851714988 -0.189487049227
counter is 2654
20 50 1.5 1 1 -1 -0.771568814537 -0.534614012779
counter is 2655
20 50 1.5 1 1 1 -0.496688894646 -0.276960812471
counter is 2656
20 50 1.5 1.5 -1 -1 -0.0450859973955 -0.0735870492268
counter is 2657
20 50 1.5 1.5 -1 1 -0.624997875222 -0.437497049227
counter is 2658
20 50 1.5 1.5 1 -1 -0.690390488999 -0.460695239692
counter is 2659
20 50 1.5 1.5 1 1 -0.535277771025 -0.0289508124711
counter is 2660
20 100 -1.5 -1.5 -1 -1 -0.400873306311 -0.118778587907
counter is 2661
20 100 -1.5 -1.5 -1 1 -0.254096057806 -0.267751123829
counter is 2662
20 100 -1.5 -1.5 1 -1 -0.159444675074 -0.21693114923
counter is 2663
20 100 -1.5 -1.5 1 1 -0.77146128724 -0.136492114952
counter is 2664
20 100 -1.5 -1 -1 -1 -0.0712957809127 -0.075000625543
counter is 2665
20 100 -1.5 -1 -1 1 -0.272003387857 -0.315311123829
counter is 2666
20 100 -1.5 -1 1 -1 -0.978761453931 -0.21402114923
counter is 2667
20 100 -1.5 -1 1 1 -0.617260250518 -0.0889321149519
counter is 2668
20 100 -1.5 0 -1 -1 -0.134264214711 -0.18951114923
counter is 2669
20 100 -1.5 0 -1 1 -0.157222312738 -0.245992114952
counter is 2670
20 100 -1.5 0 1 -1 -0.552282841098 -0.0390159952793
counter is 2671
20 100 -1.5 0 1 1 -0.799321270614 -0.053127816092
counter is 2672
20 100 -1.5 1 -1 -1 -0.134415878431 -0.19820114923
counter is 2673
20 100 -1.5 1 -1 1 -0.17335263693 -0.285552114952
counter is 2674
20 100 -1.5 1 1 -1 -1.16061932462 -0.202631266719
counter is 2675
20 100 -1.5 1 1 1 -0.375039125224 -0.237012128419
counter is 2676
20 100 -1.5 1.5 -1 -1 -0.142307012799 -0.21253114923
counter is 2677
20 100 -1.5 1.5 -1 1 -0.172386586091 -0.284772114952
counter is 2678
20 100 -1.5 1.5 1 -1 -1.17213821349 -0.20734580167
counter is 2679
20 100 -1.5 1.5 1 1 -0.277282721074 -0.0598346152791
counter is 2680
20 100 -1.3 -1.5 -1 -1 0.0322070946915 -0.101323100556
counter is 2681
20 100 -1.3 -1.5 -1 1 -0.293558318164 -0.240261123829
counter is 2682
20 100 -1.3 -1.5 1 -1 -0.220800546596 -0.39926114923
counter is 2683
20 100 -1.3 -1.5 1 1 -0.568380827265 -0.263532114952
counter is 2684
20 100 -1.3 -1 -1 -1 -0.204205489404 -0.142583100556
counter is 2685
20 100 -1.3 -1 -1 1 -0.268393593266 -0.384421123829
counter is 2686
20 100 -1.3 -1 1 -1 -0.655649508205 -0.35800114923
counter is 2687
20 100 -1.3 -1 1 1 -0.788029589276 -0.119372114952
counter is 2688
20 100 -1.3 0 -1 -1 -0.196026900533 -0.32853114923
counter is 2689
20 100 -1.3 0 -1 1 -0.158731719384 -0.334772114952
counter is 2690
20 100 -1.3 0 1 -1 -0.490620476213 -0.0635759952793
counter is 2691
20 100 -1.3 0 1 1 -0.813633644959 -0.063897816092
counter is 2692
20 100 -1.3 1 -1 -1 -0.191800251196 -0.35745114923
counter is 2693
20 100 -1.3 1 -1 1 -0.166464599736 -0.378932114952
counter is 2694
20 100 -1.3 1 1 -1 -1.27874129018 -0.206961266719
counter is 2695
20 100 -1.3 1 1 1 -0.951670948606 -0.243182128419
counter is 2696
20 100 -1.3 1.5 -1 -1 -0.197562893546 -0.38064114923
counter is 2697
20 100 -1.3 1.5 -1 1 -0.165471313683 -0.384322114952
counter is 2698
20 100 -1.3 1.5 1 -1 -1.12047543343 -0.20281580167
counter is 2699
20 100 -1.3 1.5 1 1 -0.277282721074 -0.0598346152791
counter is 2700
20 100 -1.0 -1.5 -1 -1 -0.529753439165 -0.121183100556
counter is 2701
20 100 -1.0 -1.5 -1 1 -0.0186330346431 -0.017501123829
counter is 2702
20 100 -1.0 -1.5 1 -1 -0.0826324628683 -0.28180114923
counter is 2703
20 100 -1.0 -1.5 1 1 -0.293696964894 -0.309102114952
counter is 2704
20 100 -1.0 -1 -1 -1 -0.438195761343 -0.127673100556
counter is 2705
20 100 -1.0 -1 -1 1 -0.112573508752 -0.221481123829
counter is 2706
20 100 -1.0 -1 1 -1 -0.0992772982333 -0.27531114923
counter is 2707
20 100 -1.0 -1 1 1 -0.578251864268 -0.105122114952
counter is 2708
20 100 -1.0 0 -1 -1 -0.083916668518 -0.23926114923
counter is 2709
20 100 -1.0 0 -1 1 0.00492135867053 -0.162782114952
counter is 2710
20 100 -1.0 0 1 -1 -0.472475517472 -0.100602930556
counter is 2711
20 100 -1.0 0 1 1 -0.692752823048 -0.0724509199558
counter is 2712
20 100 -1.0 1 -1 -1 -0.0785403949496 -0.26574114923
counter is 2713
20 100 -1.0 1 -1 1 -0.00668003996739 -0.207332114952
counter is 2714
20 100 -1.0 1 1 -1 -0.960386627902 -0.201071266719
counter is 2715
20 100 -1.0 1 1 1 -0.555110256196 -0.237592128419
counter is 2716
20 100 -1.0 1.5 -1 -1 -0.081617248724 -0.27984114923
counter is 2717
20 100 -1.0 1.5 -1 1 -0.00547109513765 -0.207132114952
counter is 2718
20 100 -1.0 1.5 1 -1 -0.923138099909 -0.20601580167
counter is 2719
20 100 -1.0 1.5 1 1 -0.277282721074 -0.0598346152791
counter is 2720
20 100 0 -1.5 -1 -1 -0.460563484561 0.0288211742484
counter is 2721
20 100 0 -1.5 -1 1 -0.747527843 -0.132088587907
counter is 2722
20 100 0 -1.5 1 -1 -0.202417047597 -0.215510185693
counter is 2723
20 100 0 -1.5 1 1 -0.146168939006 -0.20231006006
counter is 2724
20 100 0 -1 -1 -1 -0.327398410509 -0.069840625543
counter is 2725
20 100 0 -1 -1 1 -0.774365644724 -0.185960625543
counter is 2726
20 100 0 -1 1 -1 -0.208280002703 -0.217310185693
counter is 2727
20 100 0 -1 1 1 -0.0868745669696 -0.10175006006
counter is 2728
20 100 0 0 -1 -1 -0.229376167892 -0.0140087759845
counter is 2729
20 100 0 0 -1 1 -0.126392630313 -0.168372114952
counter is 2730
20 100 0 0 1 -1 -0.21467354441 -0.211230185693
counter is 2731
20 100 0 0 1 1 -0.569383611636 -0.0990000600601
counter is 2732
20 100 0 1 -1 -1 -0.179816904701 -0.195738775985
counter is 2733
20 100 0 1 -1 1 -0.142462342666 -0.19386006006
counter is 2734
20 100 0 1 1 -1 0.0832265895677 -0.0295001856932
counter is 2735
20 100 0 1 1 1 -0.70437600861 -0.0485326634721
counter is 2736
20 100 0 1.5 -1 -1 -0.215000119068 -0.218260185693
counter is 2737
20 100 0 1.5 -1 1 -0.14861296792 -0.21195006006
counter is 2738
20 100 0 1.5 1 -1 -0.213714818402 -0.0159108124711
counter is 2739
20 100 0 1.5 1 1 -0.767322183225 0.00697218478505
counter is 2740
20 100 1.0 -1.5 -1 -1 -0.507061495971 0.0568009104258
counter is 2741
20 100 1.0 -1.5 -1 1 -0.593935752318 -0.123071123829
counter is 2742
20 100 1.0 -1.5 1 -1 -0.221828441072 -0.353280185693
counter is 2743
20 100 1.0 -1.5 1 1 -0.270982442026 -0.438987049227
counter is 2744
20 100 1.0 -1 -1 -1 -0.226376544275 -0.101985286757
counter is 2745
20 100 1.0 -1 -1 1 -0.770988071365 -0.182071123829
counter is 2746
20 100 1.0 -1 1 -1 -0.22933176499 -0.359250185693
counter is 2747
20 100 1.0 -1 1 1 -0.266771331201 -0.379987049227
counter is 2748
20 100 1.0 0 -1 -1 -0.0172793401157 -0.0332611492299
counter is 2749
20 100 1.0 0 -1 1 -0.370332351532 -0.0986821149519
counter is 2750
20 100 1.0 0 1 -1 -0.240434176624 -0.367900185693
counter is 2751
20 100 1.0 0 1 1 -0.324530130235 -0.390827049227
counter is 2752
20 100 1.0 1 -1 -1 0.0225573707662 -0.0545670492268
counter is 2753
20 100 1.0 1 -1 1 -0.306943592953 -0.444477049227
counter is 2754
20 100 1.0 1 1 -1 -0.281015809381 -0.391590185693
counter is 2755
20 100 1.0 1 1 1 -0.132426168975 -0.00142235322944
counter is 2756
20 100 1.0 1.5 -1 -1 -0.382912914417 -0.368910185693
counter is 2757
20 100 1.0 1.5 -1 1 -0.281904170616 -0.449877049227
counter is 2758
20 100 1.0 1.5 1 -1 -0.0447758721177 0.00218476030775
counter is 2759
20 100 1.0 1.5 1 1 0.0511212465817 0.00397764677056
counter is 2760
20 100 1.3 -1.5 -1 -1 -2.61520779063 0.213065286885
counter is 2761
20 100 1.3 -1.5 -1 1 -0.373337675025 -0.119661123829
counter is 2762
20 100 1.3 -1.5 1 -1 -0.191736782847 -0.442757049227
counter is 2763
20 100 1.3 -1.5 1 1 -0.202537371037 -0.533417049227
counter is 2764
20 100 1.3 -1 -1 -1 0.193365126766 -0.099385286757
counter is 2765
20 100 1.3 -1 -1 1 -0.338880319335 -0.119571123829
counter is 2766
20 100 1.3 -1 1 -1 -0.195760051311 -0.447927049227
counter is 2767
20 100 1.3 -1 1 1 -0.204968511973 -0.533507049227
counter is 2768
20 100 1.3 0 -1 -1 -0.0885749049533 -0.0420021149519
counter is 2769
20 100 1.3 0 -1 1 -0.0594075544501 -0.0287821149519
counter is 2770
20 100 1.3 0 1 -1 -0.197449520545 -0.447977049227
counter is 2771
20 100 1.3 0 1 1 -0.229937000236 -0.551747049227
counter is 2772
20 100 1.3 1 -1 -1 0.0645507708712 -0.0591470492268
counter is 2773
20 100 1.3 1 -1 1 -0.215231900921 -0.107587049227
counter is 2774
20 100 1.3 1 1 -1 -0.204682325632 -0.456164012779
counter is 2775
20 100 1.3 1 1 1 -0.316849653251 -0.440300812471
counter is 2776
20 100 1.3 1.5 -1 -1 -0.394611217024 -0.285087049227
counter is 2777
20 100 1.3 1.5 -1 1 -0.227227858919 -0.562147049227
counter is 2778
20 100 1.3 1.5 1 -1 -0.197561386273 -0.167715239692
counter is 2779
20 100 1.3 1.5 1 1 0.343590416581 0.0142591875289
counter is 2780
20 100 1.5 -1.5 -1 -1 -1.31837534948 0.236572745025
counter is 2781
20 100 1.5 -1.5 -1 1 -0.40953863313 -0.119821123829
counter is 2782
20 100 1.5 -1.5 1 -1 -0.0829835212885 -0.225917049227
counter is 2783
20 100 1.5 -1.5 1 1 -0.0801314953756 -0.242957049227
counter is 2784
20 100 1.5 -1 -1 -1 0.0276050441795 -0.101705286757
counter is 2785
20 100 1.5 -1 -1 1 -0.399343831359 -0.120111123829
counter is 2786
20 100 1.5 -1 1 -1 -0.0853405018326 -0.228927049227
counter is 2787
20 100 1.5 -1 1 1 -0.0806536858696 -0.242667049227
counter is 2788
20 100 1.5 0 -1 -1 -0.0944774218272 -0.0440021149519
counter is 2789
20 100 1.5 0 -1 1 0.121937687892 -0.00903211495193
counter is 2790
20 100 1.5 0 1 -1 -0.086928743209 -0.229297049227
counter is 2791
20 100 1.5 0 1 1 -0.121523165954 -0.281197049227
counter is 2792
20 100 1.5 1 -1 -1 0.110357576678 -0.0614170492268
counter is 2793
20 100 1.5 1 -1 1 -0.4062348726 -0.152967049227
counter is 2794
20 100 1.5 1 1 -1 -0.0920073726619 -0.237214012779
counter is 2795
20 100 1.5 1 1 1 -0.00901015649881 -0.104620812471
counter is 2796
20 100 1.5 1.5 -1 -1 -0.0150321154995 -0.0576070492268
counter is 2797
20 100 1.5 1.5 -1 1 -0.110510441351 -0.258157049227
counter is 2798
20 100 1.5 1.5 1 -1 -0.0235687247612 -0.178515239692
counter is 2799
20 100 1.5 1.5 1 1 0.0300305185322 0.000569187528899
counter is 2800
20 250 -1.5 -1.5 -1 -1 -0.034157640068 -0.0873385879067
counter is 2801
20 250 -1.5 -1.5 -1 1 0.0787469597954 -0.020791123829
counter is 2802
20 250 -1.5 -1.5 1 -1 0.151731574933 -0.0550811492299
counter is 2803
20 250 -1.5 -1.5 1 1 -0.659189873491 -0.177532114952
counter is 2804
20 250 -1.5 -1 -1 -1 0.129187633984 0.030459374457
counter is 2805
20 250 -1.5 -1 -1 1 0.0753566553766 -0.058851123829
counter is 2806
20 250 -1.5 -1 1 -1 -0.352317275721 -0.12619114923
counter is 2807
20 250 -1.5 -1 1 1 -0.716946921494 -0.139472114952
counter is 2808
20 250 -1.5 0 -1 -1 0.191749189346 0.0355388507701
counter is 2809
20 250 -1.5 0 -1 1 0.174056541603 -0.0332021149519
counter is 2810
20 250 -1.5 0 1 -1 -0.785781138741 -0.0707759952793
counter is 2811
20 250 -1.5 0 1 1 -0.8625919368 -0.059997816092
counter is 2812
20 250 -1.5 1 -1 -1 0.185477748068 0.00482885077012
counter is 2813
20 250 -1.5 1 -1 1 0.168323146446 -0.0741921149519
counter is 2814
20 250 -1.5 1 1 -1 -0.946228505303 -0.0400659952793
counter is 2815
20 250 -1.5 1 1 1 -0.977073156497 -0.019007816092
counter is 2816
20 250 -1.5 1.5 -1 -1 0.182112678652 -0.0113911492299
counter is 2817
20 250 -1.5 1.5 -1 1 0.167686782288 -0.0787821149519
counter is 2818
20 250 -1.5 1.5 1 -1 -1.12180769239 -0.0110078283384
counter is 2819
20 250 -1.5 1.5 1 1 0.126209833389 0.157514120148
counter is 2820
20 250 -1.3 -1.5 -1 -1 0.365280258053 -0.0657231005556
counter is 2821
20 250 -1.3 -1.5 -1 1 0.102314476922 0.071788876171
counter is 2822
20 250 -1.3 -1.5 1 -1 0.189942575715 -0.30152114923
counter is 2823
20 250 -1.3 -1.5 1 1 -0.400955312847 -0.485802114952
counter is 2824
20 250 -1.3 -1 -1 -1 0.0170992625014 -0.0167231005556
counter is 2825
20 250 -1.3 -1 -1 1 0.0881871618122 -0.220241123829
counter is 2826
20 250 -1.3 -1 1 -1 -0.244593678873 -0.35052114923
counter is 2827
20 250 -1.3 -1 1 1 -0.879374808962 -0.193772114952
counter is 2828
20 250 -1.3 0 -1 -1 0.19071852975 -0.0825611492299
counter is 2829
20 250 -1.3 0 -1 1 0.205183368797 -0.219992114952
counter is 2830
20 250 -1.3 0 1 -1 -0.827016234127 -0.176205995279
counter is 2831
20 250 -1.3 0 1 1 -1.03978401614 -0.088897816092
counter is 2832
20 250 -1.3 1 -1 -1 0.197063760477 -0.21350114923
counter is 2833
20 250 -1.3 1 -1 1 0.219017335572 -0.279332114952
counter is 2834
20 250 -1.3 1 1 -1 -1.05481515589 -0.0452659952793
counter is 2835
20 250 -1.3 1 1 1 -0.960126861322 -0.029557816092
counter is 2836
20 250 -1.3 1.5 -1 -1 0.201664895006 -0.23941114923
counter is 2837
20 250 -1.3 1.5 -1 1 0.224923722017 -0.294472114952
counter is 2838
20 250 -1.3 1.5 1 -1 -1.28737369235 -0.0065178283384
counter is 2839
20 250 -1.3 1.5 1 1 0.126209833389 0.157514120148
counter is 2840
20 250 -1.0 -1.5 -1 -1 -0.179145407663 -0.108243100556
counter is 2841
20 250 -1.0 -1.5 -1 1 0.169573571191 0.167888876171
counter is 2842
20 250 -1.0 -1.5 1 -1 0.324498148301 0.0199988507701
counter is 2843
20 250 -1.0 -1.5 1 1 0.0133194484711 -0.283612114952
counter is 2844
20 250 -1.0 -1 -1 -1 -0.225391562059 -0.104163100556
counter is 2845
20 250 -1.0 -1 -1 1 0.223472626674 0.077748876171
counter is 2846
20 250 -1.0 -1 1 -1 0.304880478941 0.0159188507701
counter is 2847
20 250 -1.0 -1 1 1 -0.691824207651 -0.193472114952
counter is 2848
20 250 -1.0 0 -1 -1 0.355389660175 0.21718885077
counter is 2849
20 250 -1.0 0 -1 1 0.336496536186 0.0926578850481
counter is 2850
20 250 -1.0 0 1 -1 -0.818897356711 -0.242312930556
counter is 2851
20 250 -1.0 0 1 1 -0.994061854054 -0.117010919956
counter is 2852
20 250 -1.0 1 -1 -1 0.330023011004 0.0726088507701
counter is 2853
20 250 -1.0 1 -1 1 0.332896786153 0.0148278850481
counter is 2854
20 250 -1.0 1 1 -1 -0.86374934266 -0.0523759952793
counter is 2855
20 250 -1.0 1 1 1 -0.948473573668 -0.025427816092
counter is 2856
20 250 -1.0 1.5 -1 -1 0.329709554314 0.0439988507701
counter is 2857
20 250 -1.0 1.5 -1 1 0.3322917799 0.00381788504807
counter is 2858
20 250 -1.0 1.5 1 -1 -0.792429722446 -0.0109278283384
counter is 2859
20 250 -1.0 1.5 1 1 0.126209833389 0.157514120148
counter is 2860
20 250 0 -1.5 -1 -1 -0.46579491264 0.0259711742484
counter is 2861
20 250 0 -1.5 -1 1 -0.409914022601 -0.121538587907
counter is 2862
20 250 0 -1.5 1 -1 0.303105350843 -0.671520185693
counter is 2863
20 250 0 -1.5 1 1 0.172524839835 -0.83966006006
counter is 2864
20 250 0 -1 -1 -1 -0.152057292035 -0.060940625543
counter is 2865
20 250 0 -1 -1 1 -0.356935859139 -0.124500625543
counter is 2866
20 250 0 -1 1 -1 0.316217113605 -0.685070185693
counter is 2867
20 250 0 -1 1 1 -1.15915815122 -0.79001006006
counter is 2868
20 250 0 0 -1 -1 -0.0138916574 0.0166012240155
counter is 2869
20 250 0 0 -1 1 -1.13703661468 -0.757472114952
counter is 2870
20 250 0 0 1 -1 0.290414863907 -0.700700185693
counter is 2871
20 250 0 0 1 1 -0.582974340795 -0.13670006006
counter is 2872
20 250 0 1 -1 -1 0.43373631426 -0.611308775985
counter is 2873
20 250 0 1 -1 1 0.429243380278 -0.80208006006
counter is 2874
20 250 0 1 1 -1 -0.190861906284 -0.0727901856932
counter is 2875
20 250 0 1 1 1 -0.747545529715 -0.0671126634721
counter is 2876
20 250 0 1.5 -1 -1 0.23888985189 -0.643530185693
counter is 2877
20 250 0 1.5 -1 1 0.187374737436 -0.82952006006
counter is 2878
20 250 0 1.5 1 -1 -0.592011369754 -0.0495008124711
counter is 2879
20 250 0 1.5 1 1 -0.933664687604 -0.00225781521495
counter is 2880
20 250 1.0 -1.5 -1 -1 -0.625891522862 0.0529109104258
counter is 2881
20 250 1.0 -1.5 -1 1 -0.270869672329 -0.118071123829
counter is 2882
20 250 1.0 -1.5 1 -1 0.176757550617 -0.427940185693
counter is 2883
20 250 1.0 -1.5 1 1 0.255766972474 -0.611117049227
counter is 2884
20 250 1.0 -1 -1 -1 0.0409993163537 -0.086605286757
counter is 2885
20 250 1.0 -1 -1 1 0.121919905847 -0.035071123829
counter is 2886
20 250 1.0 -1 1 -1 0.174092441208 -0.453180185693
counter is 2887
20 250 1.0 -1 1 1 0.330738530094 -0.694117049227
counter is 2888
20 250 1.0 0 -1 -1 0.0820017798538 -0.0126611492299
counter is 2889
20 250 1.0 0 -1 1 0.130216952317 0.0736478850481
counter is 2890
20 250 1.0 0 1 -1 0.174031872384 -0.467050185693
counter is 2891
20 250 1.0 0 1 1 0.348652113643 -0.730287049227
counter is 2892
20 250 1.0 1 -1 -1 0.0370318527372 -0.0209470492268
counter is 2893
20 250 1.0 1 -1 1 0.170759465775 -0.563617049227
counter is 2894
20 250 1.0 1 1 -1 0.145067261804 -0.503760185693
counter is 2895
20 250 1.0 1 1 1 -0.341998183894 -0.0494123532294
counter is 2896
20 250 1.0 1.5 -1 -1 0.116685923499 -0.0969401856932
counter is 2897
20 250 1.0 1.5 -1 1 0.245784952925 -0.601087049227
counter is 2898
20 250 1.0 1.5 1 -1 -0.275678070977 -0.348335239692
counter is 2899
20 250 1.0 1.5 1 1 -0.28613404752 -0.0119423532294
counter is 2900
20 250 1.3 -1.5 -1 -1 -2.61520779063 0.213065286885
counter is 2901
20 250 1.3 -1.5 -1 1 -0.0279026930771 -0.117321123829
counter is 2902
20 250 1.3 -1.5 1 -1 0.332827581107 -0.544557049227
counter is 2903
20 250 1.3 -1.5 1 1 -1.00475758592 -0.707967049227
counter is 2904
20 250 1.3 -1 -1 -1 0.318976685418 -0.092655286757
counter is 2905
20 250 1.3 -1 -1 1 0.179235595877 -0.107331123829
counter is 2906
20 250 1.3 -1 1 -1 0.336707038113 -0.556457049227
counter is 2907
20 250 1.3 -1 1 1 -1.01844200962 -0.717957049227
counter is 2908
20 250 1.3 0 -1 -1 0.15979577638 -0.0219121149519
counter is 2909
20 250 1.3 0 -1 1 -0.458388581314 -0.107302114952
counter is 2910
20 250 1.3 0 1 -1 0.348129868615 -0.569867049227
counter is 2911
20 250 1.3 0 1 1 0.400260741652 -0.645437049227
counter is 2912
20 250 1.3 1 -1 -1 0.0419502349015 -0.0344370492268
counter is 2913
20 250 1.3 1 -1 1 -0.184704049203 -0.194937049227
counter is 2914
20 250 1.3 1 1 -1 0.368506851145 -0.582674012779
counter is 2915
20 250 1.3 1 1 1 0.211007274419 -0.525160812471
counter is 2916
20 250 1.3 1.5 -1 -1 -0.121549368398 -0.298977049227
counter is 2917
20 250 1.3 1.5 -1 1 -1.02585039303 -0.712077049227
counter is 2918
20 250 1.3 1.5 1 -1 0.00481029870698 -0.255625239692
counter is 2919
20 250 1.3 1.5 1 1 -0.109515015125 -0.0080208124711
counter is 2920
20 250 1.5 -1.5 -1 -1 -1.9837126925 0.236392745025
counter is 2921
20 250 1.5 -1.5 -1 1 -0.0774107890561 -0.117651123829
counter is 2922
20 250 1.5 -1.5 1 -1 0.274711332878 -0.598387049227
counter is 2923
20 250 1.5 -1.5 1 1 0.338628262415 -0.617027049227
counter is 2924
20 250 1.5 -1 -1 -1 0.186946111697 -0.098405286757
counter is 2925
20 250 1.5 -1 -1 1 0.137067531861 -0.110931123829
counter is 2926
20 250 1.5 -1 1 -1 0.277897662962 -0.604877049227
counter is 2927
20 250 1.5 -1 1 1 0.340938879403 -0.623747049227
counter is 2928
20 250 1.5 0 -1 -1 0.162707874518 -0.0305621149519
counter is 2929
20 250 1.5 0 -1 1 -0.36273782961 -0.0798721149519
counter is 2930
20 250 1.5 0 1 -1 0.282906082176 -0.615387049227
counter is 2931
20 250 1.5 0 1 1 0.2798454619 -0.582257049227
counter is 2932
20 250 1.5 1 -1 -1 0.216844829432 -0.0158970492268
counter is 2933
20 250 1.5 1 -1 1 -0.122428289993 -0.0787570492268
counter is 2934
20 250 1.5 1 1 -1 0.324036284862 -0.655384012779
counter is 2935
20 250 1.5 1 1 1 0.230595914314 -0.550730812471
counter is 2936
20 250 1.5 1.5 -1 -1 0.0370609362378 -0.0191770492268
counter is 2937
20 250 1.5 1.5 -1 1 0.29005137629 -0.598457049227
counter is 2938
20 250 1.5 1.5 1 -1 0.37329868484 -0.589595239692
counter is 2939
20 250 1.5 1.5 1 1 -0.259138803524 -0.0310308124711
